103 3931 7094 2332 9355 5375 9232 5887 5074 6526 2729 4438 2275 4926 2565 7012 3261 2436 1368 4738 7241 3052 290 1141 7623 6592 9213 6295 5722 825 9855 7696 3962 6606 1659 3181 2655 4627 7280 4533 206 1238 6372 4501 9859 7858 2404 4721 5413 6291 8366 7172 2631 5563 3342 2146 6724 3743 4618 6240 9198 5036 8291 7002 8598 5577 2555 6026 6480 1591 1321 6031 6530 9975 9141 2939 5753 1695 5558 3198 9394 9258 473 7881 555 2057 8216 4838 804 4178 14 907 669 5804 4895 4420 7813 8135 4053 8875 5985 1581 8279 689
83 3799 2012 9420 390 6725 9779 9498 4375 5451 3641 8599 6545 6438 8959 694 6237 2963 3657 4325 4427 7707 7682 2177 7063 1878 813 8319 5565 3375 7478 2110 9228 431 257 3616 1360 3687 1423 9884 3837 5212 9354 5977 150 627 3648 2724 3892 2731 2086 4575 3981 7320 1713 6998 7838 8850 938 9155 5474 9650 3749 9409 2424 9000 8448 8396 4220 9458 751 5845 7286 77 507 2160 8559 6367 5660 450 3909 8397 6007 2335
86 1173 9900 9474 4685 7700 243 3802 2907 3947 6423 5116 8218 1933 1468 902 3570 5706 6213 444 7011 635 2851 2991 618 7058 9313 122 2219 2666 1430 9099 5625 6497 321 6234 8303 8264 8348 9489 771 7262 2638 1314 1434 4203 2541 3042 2527 6189 8213 8102 9151 6519 3272 6789 9289 7381 3728 7376 9468 5898 7427 4812 6252 9297 380 1749 2392 2169 7027 5858 4162 9698 4012 5536 9932 3839 2196 6305 6241 6959 4423 9568 4614 2714 4965
87 8067 649 2022 9873 1016 1483 3333 4398 8389 6245 9637 617 2664 9549 4962 1852 3548 8848 2011 213 8051 6857 7356 2730 4068 8996 5802 6401 4098 4463 4667 4628 3986 3827 8385 1280 4113 7896 766 5183 1416 7422 1946 2557 6886 1648 3917 5079 3540 6032 5956 6059 8897 8886 97 6118 1866 3263 8654 1991 4474 4937 1451 3932 9961 5293 633 5758 3604 5890 7421 1887 711 8136 1514 4482 400 6251 2932 9273 5082 72 4286 4108 6618 2100 406
82 5647 5018 3911 9613 7181 3797 2828 5333 4933 7386 6844 5073 185 1446 8408 2363 1886 3720 6122 1329 1344 4429 1727 422 9327 9897 100 4556 5533 7585 1228 9749 1371 7196 2457 1070 8873 5505 9939 9575 8304 7454 1148 3685 5559 398 3072 5330 4580 1821 2837 4581 9953 2122 2976 8007 2151 446 4395 3831 273 2906 7695 7239 382 5788 1637 6166 4295 6003 2646 607 2709 2021 4216 3101 4710 5061 8964 3307 7322 9620
80 4380 1077 6452 3087 2289 7561 3873 6658 149 1752 3300 5102 7216 9835 2961 759 3929 5443 4426 7180 5085 960 9887 427 8758 7921 5626 8726 5126 3647 8529 1211 5535 2583 8953 6 6085 3483 3048 7040 7818 796 5260 739 2081 2175 3874 862 5610 4054 5398 6027 5052 6221 2088 7535 7953 3971 8278 5948 4327 6048 2099 6290 3774 921 3456 7418 2010 5639 5188 7485 418 1963 5882 4490 2445 3629 2846 8345
88 7051 281 8362 1807 3035 2628 9343 8311 2886 3582 4506 2994 3119 3235 3078 9106 2045 4959 2368 612 7296 9829 5064 1916 8131 3377 5734 2878 3684 2287 5659 8178 9976 8209 8002 2708 8739 2948 3651 162 8593 7998 4846 153 9940 6992 1931 6690 9852 2469 832 6944 3125 5919 4230 1892 6138 3741 4766 8646 8031 7699 6496 8995 839 7419 5855 6443 6424 493 4535 9783 3256 5311 88 8534 5570 9308 43 5603 2613 1812 2417 5257 4105 2188 60 3236
86 9425 9981 8672 7130 2622 2183 8576 9740 7291 6098 2299 8228 8055 5723 3088 6302 786 5308 9109 5350 3546 8296 2178 9259 9111 36 7213 9310 7956 3297 648 2481 4320 1204 8249 1772 9307 4882 5344 339 8998 3864 1459 3900 5258 4839 1856 8887 1779 6695 2635 8707 4747 1723 6440 2138 4292 5129 1127 2292 5382 7165 1751 4117 1407 6935 8614 9098 28 4524 1729 8986 6347 8980 8017 6155 8884 1192 8906 5242 236 1334 8868 3305 5666 1142
87 3453 3287 4801 7269 1014 9211 9778 744 9006 3699 5888 7179 7637 8005 6617 1333 1556 7342 4082 5656 8336 1750 5120 4916 1753 728 4270 9315 8860 4406 2537 6373 4745 9454 1082 8369 6679 3404 4690 5942 3809 5483 5025 7675 1578 5664 2803 3248 7472 5196 2191 6539 6652 8267 7120 5278 5476 2799 7401 2437 7759 8301 353 2080 2089 1338 4271 9145 7384 2825 2243 3840 378 8693 2884 9275 5019 3825 9987 7 4485 8601 8190 4240 2109 1663 7518
77 7963 4982 5528 1842 5903 5620 3968 8862 3044 8407 1790 570 9056 91 9683 7016 4432 6232 8188 4884 4370 3791 8741 8035 8359 7337 3474 8400 920 1707 9656 1013 963 9176 5568 1181 4092 6755 7997 9564 9680 8977 534 8793 8342 1811 8009 712 1322 2923 7441 2687 6544 6150 8179 312 9265 4273 3008 2574 3407 3807 4055 1543 3543 8225 5101 226 1972 594 8540 1494 7102 1479 4764 6106 6693
89 8539 1161 8922 4060 7516 4736 5420 9592 8870 4311 1035 5654 8143 6524 7884 4601 9509 2333 4514 6094 1103 3328 4126 7624 2451 6184 142 5003 9415 3100 8380 8691 5427 1385 623 2711 5070 2981 7087 6905 3516 1027 5579 7864 3331 4496 9002 6255 6956 8217 5640 6696 4407 6029 6847 498 9559 4896 1473 4091 3541 6264 2908 532 5606 2916 5963 709 9093 49 9983 1599 6056 6257 6706 7244 365 6197 362 6178 1884 7763 9286 2098 78 1800 187 8091 9347
86 2495 7946 3939 2535 3609 9128 6637 5040 7970 249 1689 1093 7139 8491 7035 5193 9479 3765 767 8816 7223 6270 8454 4047 4646 8257 1620 8164 8010 3475 8528 6804 3040 3019 9898 7703 6449 5442 486 3302 4355 2268 5456 3919 6327 1574 8486 7823 6810 8773 4214 9800 8360 6382 6095 6589 2369 3567 561 1906 8094 7771 7618 8984 5191 8738 8377 8176 2781 8460 3501 9282 1767 3451 2514 3317 4134 1354 208 9934 9007 3330 7152 9149 5653 5202
90 5305 7809 9626 6816 3073 1524 5859 9646 3227 5896 8242 7934 6879 7098 52 5605 7670 4050 5851 3793 8578 8090 5556 3258 3983 8779 5801 9024 5390 3153 3457 9336 1744 3058 8515 8594 9574 7847 2239 6488 8602 7494 6919 7596 7510 738 6115 6097 5739 7589 8160 7905 6601 6114 6190 951 4172 9476 844 5068 3822 7025 6113 5737 7834 8871 5904 5510 4263 489 67 9689 4863 2558 5648 216 9080 2823 7397 70 4663 8127 4344 7871 3150 3813 6374 3785 40 8440
85 2438 4404 3271 6378 4244 3552 4622 1549 238 3209 4644 237 8972 5201 8989 4595 7918 4318 5783 1396 4679 8770 4636 7439 3967 1454 9450 9359 2725 4403 8718 679 4563 7489 4966 9448 6928 2161 6994 827 1201 8727 7135 1005 5323 4502 5431 5931 1022 6348 7563 6812 6743 3071 8921 5629 7452 9221 1919 7980 7229 2322 9787 2492 2620 5206 6093 4892 232 9504 8606 4952 1372 9708 5213 503 4528 9922 8140 3589 1622 3904 7210 4572 9207
89 6594 5455 6461 1379 4155 3857 6563 1217 4635 4753 563 9776 7832 8187 2866 5684 300 4014 3057 9243 1743 2055 7370 8854 2842 5840 4191 4237 3470 624 3294 2498 4967 5165 753 1921 523 1140 3246 1029 9860 4865 1703 4154 6283 9952 1233 1199 8755 8660 3725 2511 6200 5340 9438 6867 7865 477 6383 4314 6918 7723 2002 2418 4612 519 3823 6292 264 1985 9748 7148 2794 9608 7749 7399 2807 734 3359 3097 1079 5237 3519 6769 7346 4920 4989 4848 2375
98 2478 2546 3107 2552 8661 8039 196 4189 3926 4885 7328 823 4078 4259 7552 8596 6564 9105 7417 8813 3888 6985 5884 463 48 5700 7333 2071 3372 4765 9808 9446 8510 4624 9555 2069 574 8163 268 8892 5020 4269 5190 9053 7931 4323 6759 9854 6049 325 2755 8785 223 1048 9328 8669 8498 4922 845 4550 7817 5220 6134 2413 8197 4029 3441 3945 5067 1475 8044 7805 2880 8948 954 6619 2610 2274 4954 7236 3383 7746 9237 4906 5857 2818 6791 9512 5459 8632 3092 6338 1165 8501 2816 5822 1640 1682
83 6090 4202 5764 7255 4448 2942 3069 9775 8934 4899 2401 2971 7160 2116 1804 2159 6877 6060 6567 3820 9685 8472 9635 905 2806 2037 1885 5139 1337 4111 9805 8633 9201 5181 8666 6358 4206 1153 9065 4022 383 2447 2678 8821 3762 2414 8375 1662 2433 8086 7642 9811 8664 6020 1071 7503 1020 3274 9199 417 7294 7927 6868 4599 5962 4329 377 6456 1286 5839 25 2024 3995 6355 7745 2476 3309 5488 1160 4332 5508 2617 3664
76 2746 170 8796 989 2253 8723 5192 3241 1047 7795 8262 6593 1513 8658 7721 882 2734 4984 7214 3353 2661 6932 6391 4928 4381 7713 5555 8589 7808 4538 1326 5827 9542 1597 4279 3020 350 3278 1274 6077 3155 5808 9280 590 4250 725 8343 4987 3737 7168 5997 713 1550 4908 8648 470 8346 8289 8023 8712 506 3691 9539 5816 2056 2717 3390 9295 7378 9174 5530 6185 9882 957 7709 5803
84 7955 6817 3579 4480 171 7925 4028 0 6025 3009 4707 3157 6908 6454 7259 2887 9804 2800 1304 9159 4498 1358 4737 4945 829 1420 4219 2383 9467 9631 5742 7064 9673 2670 1867 5007 8946 7909 1839 3846 7278 6689 1351 9799 2934 9395 9362 2663 3534 9563 9965 1463 3462 1831 1720 1833 9143 8701 5133 2038 1330 6052 74 5088 4151 3164 8120 4319 2148 8866 7911 2898 5756 8800 4918 2899 7086 1536 6620 9398 4607 2256 3668 1584
74 6450 6978 5480 703 2365 8750 9729 5319 3922 9397 8295 4823 6477 5757 178 838 6188 5599 2296 2879 5789 6307 1346 4186 4743 9816 3329 8909 3525 2959 9849 3495 5842 99 3064 7363 3695 246 580 3886 6407 1654 5246 224 5087 5846 3960 9603 9551 318 940 4568 4042 8544 6081 3366 657 1247 7246 451 2578 4304 4199 2246 945 9513 4408 9796 4798 2311 4079 4968 4938 7607
80 3504 4942 634 5254 7848 9319 6066 3703 9738 7083 5460 3527 4825 6552 8835 4349 9605 8133 4542 837 7235 9969 6675 2720 4584 4477 4227 2405 8774 5324 4415 94 161 3012 87 9511 5247 2579 8728 6296 9321 3515 5287 6417 4623 1965 735 7110 4031 656 2722 9967 1259 4799 5275 2348 8771 6181 6087 6717 1353 5054 7893 2637 8154 6726 8177 7741 933 5365 1769 8994 9101 85 4573 6671 3179 3920 3923 6080
78 1890 2854 9971 2814 8458 2472 9449 1869 6549 1336 1555 2765 3928 8184 7189 2259 2197 9954 9622 573 7445 4532 2229 5800 1012 3770 4776 5406 4229 1992 2144 9752 7306 8416 7305 8527 2885 6125 3472 4331 111 9132 4387 7480 4392 9675 1670 5112 3551 7912 4257 7076 6266 9795 1057 4539 6465 5469 8976 4464 6989 9475 3202 904 6187 83 1507 1777 2962 4194 3958 4136 7201 889 3203 5146 5523 3126
86 6551 1380 4288 2811 6112 177 606 1678 9460 7479 2512 2235 7779 7374 5658 5359 4833 850 7792 3137 4976 1313 7311 654 1467 5686 8737 8806 2270 9314 6455 8729 439 2593 2040 6192 8382 9869 4610 1246 7768 2467 8167 6746 9652 4107 504 4425 7689 1185 6861 5591 8326 6485 8572 7524 2039 7398 3090 6088 2387 6486 2319 3112 6299 3222 4305 700 3672 4684 1152 7743 6067 593 9857 3024 2502 7000 7364 9619 7715 5642 2028 2523 8379 1560
80 5837 3724 5980 3273 1912 193 8494 7973 9586 1312 3389 5777 6287 5972 9924 5468 3997 1282 157 3890 4309 7141 5438 1183 7571 4780 9444 3841 453 5805 1399 6568 5976 3240 3275 3992 2222 2965 4921 5 4034 8985 7484 9514 7428 9903 2351 9388 6588 2522 3760 6872 4511 434 4183 1106 9293 8037 1078 245 7338 9737 2978 30 5176 7395 4032 5383 8769 5702 4074 7066 5335 7784 6805 1212 6205 5940 723 2797
85 7845 3626 6064 6328 6827 3638 6951 7727 9135 5690 9704 621 3750 9709 6039 5866 892 8247 1063 524 7621 5806 334 2540 4185 5843 4917 6768 846 6453 9431 3989 1652 2704 1032 2303 7652 7851 9588 9813 5349 3197 6137 8521 8121 3895 9400 6995 2114 1817 9777 2376 5449 7643 4953 4164 56 4676 3851 670 8076 620 3645 7836 4128 4734 4307 9516 1567 9268 2762 2290 1602 7870 3965 4007 8618 1897 7839 283 7714 6312 8808 3343 8970
87 5524 7526 4157 9505 7325 5621 9178 3014 7101 9937 4043 9457 284 9179 3223 5731 5044 2726 2112 4930 7750 9762 5014 5377 7414 4868 2938 1110 1486 7046 5592 3933 9761 7937 1537 1477 880 1937 4800 6576 6351 7863 2895 8512 5235 7755 4742 1989 5355 8776 2718 1830 4096 8468 522 1429 8307 6735 671 5288 6057 2354 1187 6012 5844 5433 9573 179 6481 5755 6694 4173 1088 4616 715 2935 9072 3371 4651 468 2618 8695 7564 8932 7111 5562 9989
85 2014 5134 8204 338 7619 3425 8523 1595 6700 3478 9337 5841 1301 8334 4152 8149 3858 5053 5765 6822 2325 5878 9510 3312 9274 3239 9890 6435 4284 3093 1566 7965 4027 5671 2536 5312 851 5999 571 4439 6330 3944 5392 1954 4675 7770 4315 5210 4694 514 7157 3306 7635 9375 8275 2482 6227 2615 8137 4479 9552 9960 2475 1138 8327 4242 3961 5974 2062 6878 4356 9320 4552 5368 9847 485 8322 4807 297 5378 7077 5537 2214 8581 3496
87 2727 372 1914 4958 1816 7175 4193 9522 1635 6091 2598 8678 9453 5780 7074 2776 4003 4440 3677 8617 423 340 5913 134 6394 9379 7769 854 2339 2408 1612 6917 7375 6674 454 6825 9470 7562 4904 8677 9152 3600 4260 5199 2897 3868 407 3524 7569 9879 6632 2980 6909 1119 3499 7435 6660 1193 8689 559 6451 755 3896 6368 526 8465 6965 1624 1883 2001 7438 1496 4222 1506 2933 911 1366 674 3742 2782 9666 2658 3233 9844 528 9611 803
84 9638 9528 3144 9696 3608 2343 4638 5883 8195 3388 585 9256 139 4040 8447 8562 8284 5704 2810 5698 6629 3178 4911 3066 820 9046 1292 133 8114 4322 393 6777 8241 7539 3563 5821 7315 2685 6152 2075 6597 1967 2304 4650 1191 5047 8933 4867 1348 4002 8978 9591 4587 4110 9390 7966 7557 5066 9722 1970 388 1980 2018 2313 5177 9194 173 1505 7658 3134 8863 7411 7420 5353 8288 2248 5944 5027 9561 1369 1194 8450 7034 7888
79 3481 69 727 3310 2875 726 3747 4665 8636 4088 6599 7068 2587 7156 4711 7400 9702 9477 2126 4405 6176 8918 5527 7142 3763 2042 6108 9240 7793 9323 814 4760 50 9071 5090 5017 2675 1061 6960 8134 320 7850 5693 7354 1598 9419 215 9815 1928 3238 819 3085 5211 8367 1638 9711 4657 2305 3180 1004 6849 2917 2044 7340 5380 4302 27 11 5410 5612 4979 1977 2096 5909 3194 4218 1539 5499 4208
81 9743 9091 6864 1464 5933 777 6819 548 6491 4768 2611 7547 8244 7581 1051 6633 779 8683 2459 716 6224 4428 483 9107 684 3049 787 2819 647 4864 1146 9369 3782 1081 4726 536 3033 7886 8403 9183 1445 6829 2698 3159 9945 2238 7303 474 9260 7590 6773 6779 4365 3832 9405 5491 6482 7811 13 3590 7393 2969 9042 7799 2211 5096 9434 6238 4160 3076 7527 8845 4278 6677 4983 9163 3795 3598 4527 389 5786
85 8113 3149 6855 261 8698 4135 7167 1930 5043 3528 4950 9296 2027 3016 8229 293 7173 8024 4137 9413 3362 9285 2732 7766 7669 2033 319 2648 1452 2428 4775 8317 4852 4065 578 5187 2929 9094 3050 5422 2477 5336 562 6751 8200 9008 3459 2530 4064 5525 7647 4430 6422 5697 9502 4525 9803 7556 5662 9895 4678 7869 6235 3091 565 4274 6721 4418 3635 7900 4187 3354 265 330 1929 5180 8621 1300 1955 5557 5767 8484 9414 6572 8748
75 6536 6586 6961 2403 6363 8112 4757 3637 3778 5103 6634 8060 9735 7875 6207 7318 6494 9556 7588 1982 6390 5781 6622 4045 4118 7975 7455 5615 8951 9230 9133 2184 1908 776 8487 9060 1242 9389 1178 2015 5512 2341 8429 7277 2671 1911 1046 5994 5473 9600 9577 9594 8374 1230 7053 1880 4169 274 6896 3594 9618 3054 9181 4385 1469 4879 3689 2623 5607 285 1382 3446 2295 6174 2009
83 2452 9272 102 1291 1034 6786 7928 1045 3103 2026 6256 4703 18 497 2084 8898 8749 7251 8171 4857 5772 4357 2532 9361 3146 2983 3334 1545 3566 6319 4195 7137 502 428 7804 1787 4454 6624 5724 9023 1377 1156 1687 6931 7584 7043 1739 472 3948 5216 2119 1315 6749 6884 1793 4491 4299 944 8388 4985 5657 8842 5608 6201 5069 8767 7560 6765 1000 5549 4159 298 2608 4546 5426 5415 124 2500 5348 3243 5391 3586 953
82 2023 4790 1299 8907 1458 1498 2391 3277 5961 9148 8299 3667 3934 9481 1123 6136 8553 3013 8027 5725 7348 7108 7702 7495 2397 5813 8466 9064 3979 7437 9918 144 299 2946 3656 2909 7892 2036 8194 2605 5029 7889 6489 1938 9712 9732 1629 2468 8142 5609 8763 2590 1717 2944 6175 6798 8159 4437 5362 231 2281 2357 5773 9017 6371 6010 496 4310 219 7184 8665 2465 3130 868 1699 4 2504 8575 5681 2232 6833 3061
86 1960 2271 8704 4233 8085 2867 8600 7121 4424 2334 5347 3503 9649 379 2606 935 736 6788 1167 1889 5037 3941 3348 2154 7903 1552 8505 5915 21 7266 1248 174 1 3643 8558 8619 2913 6942 4341 8124 5854 3298 937 5001 4830 3062 5881 3878 757 969 1213 6042 1848 9836 6397 9020 2076 9933 5128 9831 4600 8191 6684 2862 8910 4626 9333 8474 5316 4144 8768 810 8885 9118 9421 8231 8381 9693 9639 3882 2189 9331 8703 5255 5167 1651
79 8016 878 5990 8694 6018 5031 7199 9714 5271 5506 2683 7361 4342 5836 811 2856 2602 4850 4994 1015 1979 5998 4190 2411 1969 4577 1826 870 9978 4988 9587 7653 9029 9872 6436 6734 5145 2323 6705 8331 368 4767 5784 6107 6611 3700 9241 8028 105 2461 8258 2312 8118 6756 9927 4301 6004 1542 8 1130 2072 1255 250 6444 973 4148 5934 7380 1074 7024 6635 1809 3015 5221 5912 6209 6936 7275 5119
89 2822 7353 1716 315 9075 9739 8533 569 4555 9436 8725 2087 4334 3497 2721 2192 8520 4037 3117 5249 2937 5678 1101 894 7287 2533 1981 645 3464 4836 9503 7252 7831 9264 537 1136 7612 8542 8608 5622 4089 6770 4755 1116 7490 1666 6537 9964 2485 1789 5140 8856 1073 614 366 9679 3952 104 8610 6518 1240 5938 5509 2356 3507 6286 714 6467 3511 6912 2653 1403 8053 7462 1033 7772 8584 4465 8630 4793 7436 705 8734 2796 7786 5115 9651 8554 4969
94 8479 6604 5240 2172 9610 7996 8877 1837 6962 8141 6502 5238 1557 8452 2095 9865 9667 5452 1112 5056 4936 5511 6968 673 3184 5182 1037 6513 5809 404 1936 4470 8068 4590 1847 2212 4013 7047 3706 1323 5955 3490 8330 3906 6841 8415 4333 8029 2125 2677 4964 2853 8895 2753 6809 7132 662 3228 1778 6941 5643 2947 3191 429 6334 1850 3398 5576 1594 4854 5397 119 5522 8401 7860 4402 2306 3350 309 332 817 7616 9392 6159 6540 3682 5920 4141 8087 6991 2696 409 5113 6446
97 2955 6344 1975 399 7504 7371 5055 1221 8783 9342 7330 6276 6913 1913 8965 6811 1418 1216 3599 1655 8881 651 6598 663 7767 1714 9694 5481 3861 3591 6103 3964 5547 5769 7974 8014 1461 3046 3712 6228 6359 3098 6808 5992 9010 4180 1349 5299 9570 2174 8899 7904 979 6776 2607 3186 9030 7853 2187 6439 1402 4990 4574 2733 3975 7880 4035 9175 6678 4758 1066 6747 3056 7372 8530 8782 4862 8744 5589 9602 9781 598 9582 4471 384 3382 7634 8708 6072 6250 7335 5286 6375 9209 5746 295 3654
73 5370 2194 5282 5593 8041 8421 2716 8306 7947 8990 4770 847 4693 5098 566 1766 4772 9979 8945 3955 5135 8417 5464 4847 7442 4099 5973 2079 8764 5207 6352 2250 4662 8399 8518 3000 5957 344 7327 8874 6667 8861 9377 1487 9281 4948 4413 8943 7174 5775 8788 4346 8478 3426 7690 7802 7538 762 3189 9186 6034 9038 7017 2117 9595 4750 1825 525 5741 6570 6964 6668 5296
75 255 2911 9376 8500 5787 3108 8092 9558 8001 9142 718 7099 8937 8062 354 1384 7391 4127 2279 6584 7782 545 2964 3025 200 7842 1406 5322 4308 6758 2258 5862 9837 3606 1563 6145 7091 9349 5409 8356 6782 306 6412 5745 1003 4709 8310 160 7508 3199 1676 8439 9267 7193 6464 4225 5366 1218 2510 9494 3289 4814 8935 611 2554 3521 5118 3172 5024 3104 6874 1342 2745 5875 2425
80 32 9807 4231 5315 3772 8561 6318 9817 4488 4266 5364 6610 9624 7387 4001 2902 2737 7533 9441 57 5668 2705 7136 1294 4518 1948 1791 6980 9324 7650 1571 9066 6927 8905 4458 3129 7007 7155 7776 2480 967 8940 433 6531 2127 6410 5239 972 8349 2429 2924 9523 2344 3454 4640 5317 9115 1010 8609 9484 4849 3120 2636 8146 239 2945 4784 4085 9113 8846 4666 3733 1261 3319 3160 5492 4570 7492 7608 2455
78 9166 4986 8175 9365 7103 8680 8735 5828 608 7586 8174 722 4828 5812 8144 5701 2786 6406 5058 335 7841 9399 2752 5108 180 2829 3447 4397 9120 2180 3113 8775 3185 7692 4044 9089 3634 9430 2053 8232 5114 5894 908 9208 387 7575 8165 9410 6984 737 3554 1205 560 2644 991 6718 3488 3249 1249 2952 9507 552 6015 9527 8682 8047 2840 1208 217 2876 6320 3850 6880 6053 9082 4165 9455 2409
90 4746 5632 4478 5694 6955 7704 754 7991 3707 6845 5277 6516 7968 9820 2987 2326 7999 8622 9298 7205 2347 9657 7344 331 110 3988 8157 7803 106 3560 5929 3158 8929 3187 6421 4125 8961 3612 4215 294 6315 9562 2690 5229 2145 7249 7530 8057 6447 2142 8173 5298 4067 9929 3410 8147 9541 1917 8315 3751 3816 8394 7917 3764 1784 5730 1389 8642 1685 4200 9571 1872 376 6818 7885 8321 1531 9005 2255 168 9973 3340 205 4981 4069 1683 6217 2833 2226 6342
89 2453 8431 9520 115 8318 3578 8713 2925 5979 2928 6890 267 5251 9247 221 1721 3224 9834 5852 6748 9926 7406 7816 1419 2795 7023 1302 5760 9317 3918 6904 6875 1089 4631 6050 4036 2742 6376 123 9627 9102 2008 3080 254 9357 9755 1317 1910 2402 9039 2384 4150 9906 7232 9406 5132 3976 2489 8199 7116 1210 4673 3574 6898 3299 2769 2592 1318 2134 1901 356 986 2118 1311 2684 6858 7195 3217 6720 1466 1084 2873 2166 6859 2052 9578 6732 8513 1234
79 3083 936 553 5983 3717 4903 8030 6322 8470 6688 6289 7873 682 3794 7321 7710 5538 4536 3055 5738 8203 707 4929 3547 4829 2832 1968 9137 860 3349 9601 9057 147 3424 8313 9984 5440 4834 9312 9437 2901 4935 3972 1356 4975 8006 4256 8097 943 2627 2860 2389 5733 9157 1018 4249 2441 9716 782 7182 7761 2350 5729 2456 8626 6762 1674 5793 7617 189 2790 266 1820 9182 8831 8552 4560 4649 3115
81 8555 4500 9169 4844 4720 775 4499 3032 3613 8960 9544 4419 1927 3835 7819 95 6092 1293 7794 7323 5501 7279 4066 2524 4051 1381 6216 2815 3489 8103 8040 6186 1680 2626 6163 1621 1527 9451 6646 2090 1118 2634 416 9845 1958 2423 7820 9204 9753 8427 9203 6924 5728 5490 8221 5595 8711 3211 3853 9173 5041 2440 369 3133 8125 2682 8938 9012 5989 5243 3192 8545 9597 8071 1942 636 152 8656 6148 9875 9087
75 6651 3345 5171 2349 8798 6404 7209 6510 7712 4660 5222 4059 5341 1709 2352 7456 9164 8239 4941 4383 5899 9136 7190 7253 2509 8168 7405 1877 2092 1796 8455 5297 8493 6068 7404 3121 2450 1277 6826 7787 2809 941 4366 5352 643 5232 2845 4741 5581 8461 3487 1722 190 1754 5425 2083 2121 1799 4805 6143 5650 1202 1350 8662 8469 6223 4786 8100 6045 626 7009 460 8419 5762 1593
85 5244 6013 6885 812 4855 2308 6557 9629 9126 8446 487 3592 7558 6708 2094 2139 3022 8605 5253 6293 4115 9985 5946 5905 2171 3950 3379 836 1535 6664 2141 3308 4512 8640 6471 7339 2120 4700 2802 7914 855 1251 9970 7654 7913 6380 9116 6605 9092 9999 9084 4883 865 3522 3393 3245 6487 1983 1643 1435 1059 4473 2674 3902 2668 7671 6111 8983 5450 9161 8328 741 3257 5169 9231 6893 4101 1471 6306 3688 5142 3370 9782 2282 2427
73 166 7969 4147 3585 999 4996 3644 3212 1966 225 6054 4224 2888 6997 5959 5416 5891 5761 4762 6780 2025 2767 6922 9205 4513 1002 4210 1859 7095 3402 129 8253 9818 5466 1298 4522 9956 629 1189 3824 8526 9251 3204 968 1915 5418 9466 9641 9303 9862 1386 8917 1413 5198 897 843 5303 9724 7952 8516 1669 4943 277 4841 3301 2234 4886 2396 900 4717 9463 5872 8243
82 8098 8920 7332 6981 4740 4682 6630 2210 1105 3513 7307 5636 7507 4872 8508 8620 1131 3789 8081 2783 9669 8674 5785 8522 198 128 6458 4687 1607 7006 622 893 9554 6554 1245 6866 7383 8451 949 2621 9537 2572 4877 2508 9396 5463 1273 4254 9079 7084 4020 9692 5013 3364 8582 9445 5981 2181 4391 2324 7938 7646 7984 310 8803 45 2676 7176 4369 773 6038 7760 9040 1440 1197 4927 3752 359 7268 3953 1097 6680
89 3047 9276 4371 2600 5877 3942 8573 903 939 3946 8504 2972 3910 8169 8270 5531 2890 5936 5304 1770 2936 1783 9654 4559 927 1873 9830 2390 6311 4122 9665 6308 8206 9407 9138 135 1256 6173 5879 3709 8623 6697 610 2838 4095 8732 6888 5550 4672 7004 9263 7033 2124 9393 3722 7546 6523 5441 8383 8952 8457 9791 9356 7358 1904 3053 7684 2265 4025 2463 1907 3915 3128 9294 5373 3559 724 2474 5687 7726 2580 3833 511 313 9238 3571 6902 4093 9697
80 6075 3357 1343 2550 4602 7730 6831 112 863 5847 9 8109 6418 8488 9923 5160 9876 3247 9717 987 640 9083 9823 965 5471 1276 6946 2545 495 9486 6973 6062 4243 9785 1367 1697 5543 165 8391 403 6156 2406 4619 4483 5926 1755 4041 4462 5616 2208 5150 1376 218 805 1064 934 8390 1518 9616 4112 4255 9218 6058 4810 5949 6854 7020 3461 7112 475 619 7731 516 6463 7722 909 6856 8760 5015 9678
86 3352 6170 8507 4668 9684 521 2625 6222 6926 8684 958 3321 3711 6462 1307 6521 6603 7576 3845 4238 2432 4475 5407 5155 58 5597 9877 7366 3844 8409 7551 172 9928 7092 1824 7781 9848 6304 5811 8151 1164 2596 2673 659 8742 195 1134 3913 5520 7219 7681 7957 6625 5552 8021 9348 8292 9496 2968 5655 8557 3043 4168 6939 6794 2599 1871 646 154 3854 2779 5374 3449 3729 7297 4977 1250 1660 5943 4399 7261 2185 3561 6970 4566 9014
83 4493 7466 7667 6260 1726 1151 2956 4209 2868 6565 2569 5574 6392 535 2203 6979 2107 8999 4236 5923 2990 5084 9607 2077 9224 4597 4422 8015 4467 1774 5601 2070 317 5991 1512 8172 2276 4235 8987 7324 1730 8192 3399 7153 685 3801 1149 3084 169 5736 919 3230 2291 4853 3987 8696 7961 1172 2520 731 326 3982 793 7487 1236 3639 3074 1121 7448 4851 3229 9187 5892 4023 5051 9177 3207 4009 5921 4226 5703 197 6685
87 9938 783 8925 93 6504 7185 6182 8281 3694 4692 3396 6934 1679 1129 7945 5233 8717 1094 1266 7409 7500 6820 632 1253 1734 4153 2821 4442 6581 6801 7949 5995 3849 2741 6714 2805 5034 3444 7932 1798 9034 6233 3413 3838 681 4510 1363 531 7426 8957 8435 9909 6079 5152 4363 9035 8115 2912 2415 5759 7471 6830 8784 5712 4211 1540 5030 7867 6350 4521 1952 7290 1449 7062 1735 1822 256 4434 5776 8180 2195 2581 3879 881 1619 9353 3433
86 3440 3264 6084 9191 3573 4192 5810 2371 5958 2515 1941 7758 2004 5093 8634 5329 244 5604 7177 9360 5446 8714 8156 7473 809 8864 8795 7587 8967 1849 2740 5679 8822 7801 658 9672 3003 5779 275 8004 8883 3386 3216 9495 3623 3705 4697 7791 3875 2927 2988 214 2757 2251 282 8809 4571 2434 1762 5125 7379 2470 1741 2788 8038 7089 2534 4063 7649 5578 445 3814 890 1608 3208 3956 4213 1171 8329 8834 3131 4714 2041 2612 6613 5226
81 8955 3908 1718 7146 8402 4554 2501 6129 6534 8256 3060 546 8536 2507 7206 8224 6275 2539 5281 5721 9617 3320 2603 3381 3859 276 5823 2595 4543 983 5106 302 981 6430 9244 6532 2358 3219 680 6906 4061 7453 2594 8592 280 6132 7829 2979 6889 8309 9867 4876 4133 2483 4166 4652 7440 4294 9345 9881 7015 7661 2264 6321 7140 4564 1166 1634 1024 3627 6645 9530 6474 3940 9634 1582 792 2379 9915 1410 7550
84 136 4598 7765 7113 5379 1309 8923 5945 438 4505 5918 1738 9763 9942 1243 5993 849 9784 1316 666 5975 8631 5489 9750 4907 2176 7045 2919 2812 3907 6398 3205 2016 1062 6349 9287 8075 6395 7433 8437 3572 4579 5641 9442 8805 4374 8119 517 5423 9524 9210 9703 8670 9793 8676 5651 6543 5083 6460 8839 3283 6916 6596 2132 5680 7511 5094 1044 6533 7413 9246 7352 9585 1696 8756 6850 4358 8186 9931 5164 5046 2007 8506 2091
75 3450 9465 8731 6957 8936 6814 7183 1196 1448 7613 9705 637 5158 1838 3538 9202 6656 8101 6357 833 4939 8361 1080 2506 6972 6600 1546 4297 9108 242 6865 8045 8550 7950 2149 3662 1099 5901 861 6958 1835 5279 1561 6297 6871 9598 6258 3335 6662 2224 4033 5914 5444 6448 642 7657 704 7680 3949 4913 2941 3063 3068 9016 2168 4372 5208 6281 9612 4727 1108 1462 3796 898 8376
87 6158 3127 7856 6649 9061 1227 4861 113 2982 6676 7660 3337 4889 7097 2473 5381 9134 8681 1503 6657 1768 4589 1573 3914 930 4364 7693 1575 7798 4468 6528 2549 4629 3842 5408 6921 1203 7265 2857 3869 4450 5551 7434 248 2652 873 7227 6160 2466 5695 1499 9150 876 3226 8019 3761 5175 2632 3731 8962 4603 7080 9645 9432 8853 361 1198 31 5109 5750 3736 4558 2949 9794 5754 8418 5065 7890 9584 1773 914 4394 6104 2827 6229 4615 7388
82 1254 8323 8222 1095 6259 3313 1474 8352 1548 5414 5386 9144 3190 364 8888 9990 132 8499 1647 8541 8254 8013 2353 4739 336 6089 9950 8245 1219 7719 998 9493 4123 1795 7396 1940 7548 1405 6047 1068 6636 7665 1220 1120 2206 4207 7349 672 7350 8290 5300 1710 7894 4469 1876 3174 449 1412 6164 2693 7685 8524 2113 4523 599 397 6647 176 5060 1701 391 158 8089 7171 7536 2997 690 55 8719 4509 2493 9401
79 7796 9710 512 4361 2747 1758 6682 79 8841 7431 9385 4401 6920 2093 2643 9885 7081 2416 1421 6194 9720 3021 5799 1673 8226 3051 3798 7104 4121 2382 7389 5713 683 114 8251 7601 1802 1109 1823 9770 2975 6139 8276 8556 2020 3633 2820 5121 5272 864 6952 3011 2487 688 6975 7162 655 8048 6698 1465 3826 476 4360 591 6388 554 9560 8525 8879 5005 6393 3692 291 4716 2701 4070 6738 4492 8339
86 2385 7979 7734 9212 3428 5009 301 6001 7326 292 9447 1347 1993 5645 3325 1657 9326 500 8088 8715 4348 3206 5988 4887 5217 1957 2870 7115 6399 6219 6279 8709 9707 4691 7093 3520 815 5925 8063 2951 9625 5122 2497 6364 9269 7753 5387 8651 6852 9185 6074 8855 1075 1395 7065 9664 5688 1675 355 5619 4796 3735 6803 8363 7003 5151 9728 2864 469 8298 1133 1693 357 6309 509 6642 3284 8139 922 7390 2000 8956 9997 8126 6669 3368
77 3901 7812 2499 413 5941 1270 8283 6550 2926 7736 9644 4476 6848 3954 3304 5432 4409 6538 2179 1846 1926 2173 3467 6837 5540 5691 1601 8603 9192 3006 8752 3683 7788 9972 6030 9339 1319 9262 924 2553 609 8673 638 5820 3070 7708 6431 821 8667 8830 6715 5637 421 8410 458 5309 9461 5585 6986 5117 374 1162 1143 9165 3756 9270 1994 2759 630 1225 3701 2518 3630 6870 7248 7594 9234
79 9832 5487 3001 9858 7215 1180 4670 6891 6099 2043 6161 5718 9535 5241 3715 1443 708 2067 808 3267 116 9642 370 360 7655 4015 9998 3170 22 4875 6566 980 316 1320 6736 7833 9304 7897 181 7491 8569 2386 8012 3262 7967 7992 7994 1104 2359 3469 6063 9695 262 8282 9543 2150 9032 9947 807 4630 9889 9253 6722 605 9825 925 8277 7626 6895 9988 7806 8462 6426 6835 7217 8152 4455 4306 6966
94 3680 3544 2889 2995 2849 1618 8629 518 5227 1808 3607 1945 2202 8549 8705 761 816 233 8777 5644 1521 7207 8215 3921 7843 436 471 4171 3338 9548 1853 582 887 6555 7114 5063 5771 1263 478 9067 2061 6405 8787 6354 1544 3660 7257 33 209 8904 3865 5285 2381 5600 1378 4909 5354 6420 4174 1630 1875 5970 641 8129 3195 7105 962 1352 4170 8837 6336 9284 693 9968 9930 4313 4416 4534 970 743 8611 8444 8052 222 8072 155 7128 8117 1534 4377 7941 7073 6990 740
83 5964 7625 4551 6608 1374 9958 1268 9472 1328 9188 6795 8411 1708 7159 7923 4978 7764 4289 7874 1658 9725 5518 1627 1495 5313 7735 2147 7752 3556 2262 5868 6764 6976 7270 1529 5174 1072 7365 8794 6177 1258 2681 9506 4586 4396 3533 6785 5148 859 5179 491 1971 9718 1614 6580 7359 9980 7028 9699 695 6548 5218 346 7676 5586 23 4585 568 5039 4821 613 2861 9278 8971 4837 1107 8913 3569 66 3553 3877 304 2065
77 6774 6996 8084 8430 3723 801 9121 9073 8840 2317 5360 8496 1834 3568 2260 7254 7807 2058 6035 8223 8954 6802 4545 1761 4339 8246 3621 9483 141 8061 3661 6541 8302 8780 9223 9912 8428 8371 5395 3596 6574 3106 7826 7247 7126 5291 7030 8867 9759 6119 765 3562 8370 2768 8434 7154 3276 6261 7423 1827 1956 3815 3401 3727 1558 1813 3550 8287 6284 1303 5424 3759 6929 3978 6733 2863 6179
85 405 2019 3291 5389 1541 16 8604 6713 2245 1964 9518 8915 5292 1392 2182 2318 1818 7920 745 9318 7085 1950 1223 1501 9713 3800 8799 3387 5792 2097 148 4421 1470 8268 8699 3781 7895 5143 2439 8509 5696 1431 8931 7748 1939 2241 2826 577 3200 6631 1441 4641 701 3363 2158 9809 8663 465 2399 4730 2361 4897 44 8413 6910 8485 8566 6262 2435 5861 5042 6006 7553 6784 3994 5394 9386 8357 5735 3037 9074 2743 1688 2193 1083
82 7537 5611 6943 6925 6590 2699 8730 3887 1091 5445 2548 6340 2869 2836 2302 8635 3183 81 53 8049 9615 2215 7212 7983 1111 8624 2974 4017 4797 3658 896 2419 8514 9798 6100 3843 7662 8099 7272 6778 6203 7029 9351 3365 5677 8890 6214 8745 9025 2570 3167 8628 4656 159 9249 4472 8424 4282 9009 286 3094 5137 5817 7629 2102 8979 9643 7882 7615 4817 6553 4267 9788 687 401 6583 5321 1775 7449 348 3502 4955
94 1481 7509 3883 6409 6126 6154 8647 8234 3597 9614 3438 8308 2237 1530 2163 3029 9741 2577 1736 5026 3140 42 5710 3169 6692 2834 8025 7513 6402 9780 20 2050 1646 9478 6742 6686 5708 4902 9655 6821 3766 985 228 7878 7898 4553 6469 6023 929 2719 9114 5184 3744 7915 4712 5870 717 3143 8896 4481 6196 2604 3811 8078 1092 9459 8065 270 6346 906 9058 9226 842 4544 5339 7299 337 5873 3484 848 7977 2314 1569 9681 9658 1011 4681 9501 385 9974 2426 5692 3773 5867
89 5826 4771 9153 916 9789 584 1289 1851 296 4995 5338 5170 5544 7545 9955 2567 1398 5744 7382 311 7519 9440 8944 64 8426 2738 5497 7599 9499 424 3925 2996 2904 588 8547 1331 7464 3927 9429 146 5720 3041 3848 9874 2284 7606 5634 826 41 7054 8058 3435 5011 8781 8570 4569 5716 4788 5618 1559 8453 2758 768 2430 6096 9081 3628 6265 5478 1438 5766 9995 462 2640 6362 9261 3118 5259 5248 8373 258 2157 3775 4163 5049 8210 8722 2754 4251
90 3618 7457 3327 1704 8238 7691 1422 558 9951 7317 1102 2152 9904 488 420 4367 3079 5714 4567 6862 7264 6655 8020 4785 8392 5831 2589 9553 5880 9910 4508 589 6403 533 7603 9045 8423 3422 6638 5396 8836 6757 4715 7901 4779 9756 8786 7493 4529 1684 8358 7990 7887 2217 9914 4972 5059 3584 287 4094 9423 8612 7837 1570 7824 1843 2871 1905 4832 4083 6739 1953 697 6415 6691 7664 8914 9299 7240 8233 7574 5517 191 4300 3564 2115 5889 6061 9944 5289
81 4932 9636 752 4077 8325 8095 8797 4912 9797 8930 2170 5419 7100 8338 5818 1882 9488 4326 7123 4188 4196 1932 8335 3698 3122 6434 3622 592 435 9088 467 2443 9888 9381 1436 1572 9068 952 2751 2881 4789 4452 1058 9661 5588 3665 3974 9047 2128 6212 8420 6750 8059 8685 6963 5554 4106 1439 4457 4324 4992 8236 8580 4181 6282 3027 3980 7402 1295 5475 9279 4915 6937 2841 5168 3225 5203 3817 7470 8751 3669
85 4792 7821 7225 8300 3871 4620 579 7082 7694 7592 5256 7497 2529 6771 1583 8110 4744 2914 9219 3676 8679 6130 4540 5853 103 8368 2254 3536 7572 2060 5290 3002 3384 2660 5960 3286 2689 4048 2560 6569 7475 758 6009 8033 6763 4773 9533 9943 186 7161 373 1388 9330 5010 7468 1324 4146 4643 5594 7899 2654 9536 5361 1362 6525 5869 7922 8872 6823 4109 5062 1664 1163 8314 9986 5077 5665 5479 1641 8949 2277 4298 9579 6582 6041
89 2223 1490 1052 3863 6483 6728 6263 9235 1373 6272 75 3605 5982 1176 8153 8746 1623 4252 342 9766 4609 2850 2694 9412 4803 748 8790 9227 6709 564 774 7107 5462 4530 8384 1510 4592 7532 5545 9508 9982 732 2619 4860 6838 3866 7119 8220 8158 7529 2479 1190 5461 769 4708 3336 9822 1492 6559 661 852 9786 2355 3716 3505 7245 8700 8824 4158 1589 5028 7341 2953 7960 54 7192 4026 7018 5542 4316 2377 3448 7263 8807 2513 7948 7228 2320 3537
78 2665 3242 4806 4124 1603 5057 6335 7001 5513 7079 1305 2272 145 6641 9948 2630 4661 1998 1226 2431 790 7555 4161 4840 6361 2336 1698 4336 8324 9730 2490 4018 9540 5498 3347 6796 3266 6813 4021 167 4910 6385 2462 8202 4632 6644 7668 9760 6940 1516 1144 3991 4795 442 4648 2491 9580 4116 3017 2167 138 4701 4142 3034 5717 990 7088 5978 7942 4177 1592 6468 6712 1528 1387 7964 9408 8778
82 4100 4433 7827 8766 9864 2085 4435 6387 7461 8543 4695 3565 3891 2531 4815 1604 8815 1836 9663 2999 7276 8480 9802 2494 1006 5327 644 6894 1154 8889 9525 7283 2190 9037 974 8587 5144 5732 3530 8733 9841 4312 3132 1765 7005 7355 9131 3250 7554 1692 9222 2103 5682 9050 1959 7131 1460 1656 7044 9190 3341 8880 2931 3714 7367 5529 2695 402 8597 3324 8792 1272 9366 9041 6268 3881 7481 305 8074 6509 7718 781
77 7582 4515 3326 6723 7641 5705 5526 4198 4459 872 789 1453 9055 1642 194 5012 3281 5798 7580 2398 7729 6110 1339 7774 3378 6704 4596 9515 7274 6386 3039 3899 7840 8433 322 9630 6621 5824 7289 98 1553 6147 6083 3102 1025 6558 1214 5123 1085 386 7861 8316 6876 7939 541 1493 9158 1375 8260 9200 7549 5860 1447 5673 5022 9112 7231 8702 411 2614 1665 9059 9688 9771 5138 4680 2584
