8 7001 9999 9998 9991 9982 9941 63 2894
7 7 10 12 20 9969 9958 9895
7 8 11 9978 9977 24 9932 9860
6 9981 17 18 9971 9918 9914
14 25 9962 9953 9947 47 9916 9900 9866 9847 9841 9838 9837 9697 9346
15 9965 29 31 41 9934 9927 65 9894 9869 98 124 233 9577 8311 7414
8 9950 9948 9912 79 9882 85 470 3227
13 9944 9938 44 9905 77 9886 9863 103 9829 9827 119 9784 9604
9 9928 9926 9911 9904 9828 121 126 9770 9558
11 9920 9903 9881 9878 105 127 9802 9799 9786 592 1445
12 64 66 72 9879 88 113 9819 9782 9748 9724 9700 9556
11 9896 9875 9849 9840 114 120 145 9768 9741 1627 6491
21 9867 97 9843 104 9834 118 129 9789 9788 9765 166 9731 9723 224 9650 9643 277 283 341 2084 6627
14 100 9823 122 9805 9778 172 9698 202 9555 9544 9403 7527 2786 3399
17 9813 149 9766 9759 181 9710 9705 196 9687 9645 9615 9607 265 9510 9478 419 6207
12 9801 136 137 142 160 9722 9715 192 205 212 9600 3143
16 9796 9783 9779 146 9775 151 9767 240 9580 282 9505 362 9481 9418 9154 969
22 9776 148 154 155 162 9749 9744 9713 218 235 9642 253 9586 9579 9573 9542 340 371 9452 9438 9212 973
17 9758 165 9746 176 195 9686 9679 9613 262 287 378 9474 9444 9410 9358 582 8392
17 9730 9726 9711 9693 9691 9680 9661 9638 9637 9633 251 9620 9563 9535 9527 411 647
16 180 9701 206 9682 9652 9631 9610 9572 9557 321 368 390 9431 9354 9343 519
11 9706 9684 9667 9582 9517 9423 9422 9404 447 9163 4087
23 201 9663 9656 9649 9639 242 9608 9602 296 9569 312 315 9539 9524 344 9463 9388 9383 9330 496 531 694 6575
30 211 9671 9659 9653 226 9641 246 9614 9611 260 9605 9603 9578 298 9550 9523 349 396 9353 439 448 451 491 9296 503 9255 537 9204 697 2907
17 9674 217 9623 347 9508 415 426 453 480 497 9293 511 578 9109 711 722 1289
20 9647 244 269 9597 284 317 9503 374 9450 9374 442 9342 455 9320 501 518 9192 624 8964 7234
19 248 9626 268 272 279 9566 9532 9530 9521 9514 9486 9377 9347 509 516 547 9188 9161 9138
22 255 9595 285 9574 293 316 9493 9472 9399 459 9335 464 467 556 9164 573 574 9100 9071 9018 8932 819
22 9570 9567 307 9551 329 9519 9516 346 9496 9476 9285 9244 566 9152 9094 637 641 9015 8959 8945 8909 8194
28 9564 302 9560 9553 9541 364 366 9449 9433 9364 9331 469 485 486 9208 9170 587 9134 616 638 696 8941 8887 796 8816 845 960 1199
17 324 326 9518 342 9512 9511 9479 401 410 9379 9349 8978 8879 870 8470 1154 2451
13 9525 354 355 372 9398 561 9003 8918 8819 8805 8694 7911 7649
29 361 9487 9480 9473 381 9471 9432 9402 423 441 9221 9205 9193 9176 575 581 9113 617 9080 9064 9045 730 825 8784 849 8771 900 1177 6405
22 9465 9429 9401 9386 9373 9369 9357 9348 9265 517 9148 9143 9099 651 9030 9001 714 8928 8898 8753 8696 7996
27 388 398 407 424 433 9341 458 9318 9225 9201 9124 9112 621 661 9023 8935 8916 8895 824 852 869 8744 8715 8682 946 8629 8465
23 9419 438 463 9319 9313 9306 9305 9291 9181 9101 9082 9074 652 8987 8986 788 8782 8770 8670 8387 1298 7341 5921
26 9345 454 9333 506 9269 542 614 9069 634 9065 9032 8979 8965 8955 731 8893 8891 8880 8810 8776 8743 8683 8640 8618 7641 2925
20 9323 471 9316 483 488 9277 9253 9025 677 8953 769 8830 8774 936 8631 953 8385 8351 7917 7207
2 9307 4964
31 478 9295 9294 495 9275 9226 543 9167 607 632 640 9022 8994 717 732 749 806 818 8750 8731 937 950 951 8619 966 977 8548 8307 7577 6301 3580
20 9297 500 508 9271 9234 9206 9198 9108 9062 9028 9020 9004 8940 8846 787 843 8749 8636 5193 5107
22 505 9259 579 9063 9036 8985 692 8845 8823 856 860 891 8596 8589 8583 1027 8479 8443 8395 1766 2338 4659
20 9276 9262 524 9245 9210 9146 9034 737 809 8803 8792 8585 8574 8539 8514 1071 1106 8360 1185 5002
25 9237 9230 9195 9171 9142 9132 9125 9086 9061 9041 882 940 990 1010 1022 8501 8416 8409 8402 8374 8317 8265 8151 1851 2107
28 9214 549 591 9137 608 9102 622 9026 8998 695 699 8962 8929 754 814 8788 8779 8777 8772 8729 889 8660 8582 8555 8412 8314 1363 7264
32 568 9162 9144 595 9085 9083 631 9048 668 9013 708 712 723 735 8902 8836 8802 8747 8742 8738 8736 892 894 8708 8542 1015 8522 1079 1136 8225 1212 6906
23 588 599 9105 657 672 9009 8923 8905 783 8811 821 823 8789 8768 8268 8216 8180 8167 8114 1397 7936 2103 6148
22 604 618 9088 650 9000 8951 748 770 8852 808 857 859 8695 8672 978 8533 8485 1099 1428 7899 1635 6422
30 9070 649 9016 8973 725 727 728 757 765 8888 767 8881 8838 8809 8763 8685 8637 8559 8376 8363 1105 8298 1150 8240 1268 8062 7907 7885 2994 3818
11 9066 9046 9040 9017 9005 8996 8930 8922 752 826 8799
27 8982 705 8947 8921 742 8900 759 776 8868 786 8785 8748 8739 880 8706 8648 942 8606 8567 8305 8290 8270 8236 8228 8096 8009 1648
27 733 744 755 761 763 8869 8825 797 853 8735 890 897 898 8690 8633 8576 8535 8520 8516 8272 1181 1184 1235 8037 7947 7887 2504
24 8908 756 8856 8822 8806 827 828 932 8632 983 8554 8510 8393 8302 8244 8218 1209 1211 8110 8068 1367 7997 7886 7774
20 8839 8817 807 847 876 8647 8556 8527 8515 8353 8195 8187 8132 1345 1369 7978 7908 1508 7756 7555
21 8827 801 8800 829 8795 867 885 8664 8658 8197 1237 8146 1255 1270 8061 1327 1350 1399 7850 7839 7820
20 834 840 8767 8720 8719 8635 8626 8622 1017 8487 8070 7970 7968 7965 7934 1484 7806 1522 7718 7559
26 875 8705 8703 913 8676 959 963 1005 1018 8433 1119 8219 1227 8174 8164 8060 7938 7926 7921 7861 1503 1533 7775 7722 7688 2436
19 8707 8702 8692 8684 8674 8643 948 8343 8247 8165 1263 1295 8092 1315 1551 7747 1651 2254 4585
22 912 921 944 8600 8557 8467 8456 8408 1108 1115 1266 1287 1288 1313 1473 7841 7837 1638 1665 7502 7272 2480
23 923 935 945 1006 8521 8508 1041 8427 8411 1112 8323 8306 8275 8241 8117 1305 8081 8024 7923 7903 7854 1596 2217
27 8667 8608 967 8580 988 1019 1031 1078 1129 8308 1153 8243 8203 8100 1361 8011 1446 7900 1464 7852 7817 7805 1559 7655 7593 7540 2507
28 958 8571 985 8563 992 8525 8524 1026 8474 8405 1086 8287 8252 8202 8112 8084 1316 1385 7951 7843 7789 7788 1540 7772 7741 1637 1778 3082
10 8537 1001 1653 1690 7568 7537 1773 7460 7417 4329
14 8534 8531 8484 1454 7801 7764 1607 7608 1678 7470 1791 1793 1868 6830
19 1008 8473 8457 8449 1061 1183 8192 1254 1279 1333 8018 7991 1404 7856 1550 1615 7654 7652 7456
25 8529 1013 8519 1033 8496 1043 8459 8452 8444 8430 8428 8388 8179 8160 8136 1281 8077 7930 7731 1629 1655 1697 1714 7533 7368
27 8491 1058 1075 1077 1084 8382 1110 1155 8127 8104 1297 8075 8058 8043 1347 8032 1375 1396 7966 7726 7521 1738 1739 7422 7362 1864 7319
26 8461 8429 8403 8397 8380 1101 8361 1107 8344 8326 1311 1318 1337 8045 8002 1393 1449 1470 1486 1518 7705 7631 7534 1921 2149 6479
15 8420 1087 8379 8359 8312 1162 8169 1277 1357 7972 1474 1509 7738 7690 2497
23 1073 8396 1116 8340 1159 8229 1232 1331 8030 8014 1372 7998 7895 7807 7791 7730 7729 7542 7478 7471 1911 6135 3116
23 1117 8336 8331 8321 8304 1164 1180 8212 8173 8163 8126 8101 8010 1374 7967 7804 1705 7474 1801 7399 7315 7260 5284
22 8313 8303 8301 8280 8209 8157 1251 8113 7987 7977 7956 7810 7717 7677 1672 7435 7424 7270 1946 7194 6051 3444
19 8300 8233 8230 1200 1208 8102 8065 1378 1527 1543 7713 1601 1727 7322 1954 7187 1990 1993 2423
23 8295 8291 1156 8271 1190 1201 8208 1216 8188 8088 7933 7868 1529 7770 1634 7517 1762 1786 1875 7294 7165 7162 6441
37 8288 1161 8276 1169 8269 8259 8199 8198 1230 8156 1284 1296 8091 8069 1324 1332 1335 1356 1381 7945 7905 7902 1447 1538 7754 7746 1576 7618 1798 1820 1891 1916 7178 1991 7153 7134 6787
32 8221 1195 8196 8186 1225 1240 8161 1252 8138 1273 8086 8079 1432 1443 7897 1475 1479 1580 1583 7711 1594 7604 7595 7518 1881 7261 7246 7215 6952 2349 6588 5823
29 8158 1246 1286 1291 8059 8054 1343 1362 1384 7904 7892 7857 1546 7734 7687 7683 7666 7659 1626 7617 7520 7413 7371 1928 2016 7066 7063 7021 5255
26 8135 8133 8119 1265 1334 8021 1388 7963 1478 1514 7714 1628 7647 7616 7602 1834 7223 7214 1967 2059 2067 6974 2155 6898 6614 3810
17 8116 8098 1366 7971 7954 1455 7862 7858 1800 1943 7192 1981 2007 7049 6843 6835 4962
29 8095 8087 1336 1338 8056 8016 1394 7964 7940 1463 1481 7827 1500 7799 7669 7619 7601 7600 7583 7396 1930 7174 7050 6960 6955 2134 6810 6804 3767
27 1346 8041 8034 8028 1376 7999 7959 7913 1506 1570 7658 1633 1682 1716 1718 7386 1975 7156 2008 7123 2099 6969 2213 6806 6784 2249 2288
19 7994 1400 1476 7825 1501 1510 7736 7644 7544 7477 7107 7106 7100 7002 6947 2157 6737 6632 6413
23 1391 7975 7961 7943 1426 1438 1497 1686 7551 7524 1728 1731 7508 1874 7094 7008 7004 6932 6755 2296 6639 2661 6014
14 1403 1450 7879 1471 7826 7821 1513 1534 7749 1586 7567 7523 7505 7492
24 7920 7818 7665 1646 1685 7490 7457 7453 1811 1812 7332 7280 1937 7164 7090 2041 2075 6842 2215 6823 2267 2291 2367 2388
20 1456 1480 1502 7814 1528 7797 1591 7686 1617 7657 1699 7553 2105 6722 6680 6673 6656 6647 6625 2518
40 1488 7836 7834 7829 7823 1523 7786 7780 1561 1605 1658 7562 1703 7512 7486 1790 7376 1841 7354 7281 7152 7125 2054 2088 6988 2094 6972 2119 2123 2143 2170 6633 6626 2380 6587 6546 6537 2561 5738 4331
27 7783 7762 1563 1569 7716 1625 7627 1663 7594 1687 7565 1755 7498 7480 7444 7342 1859 1877 7287 1939 7029 6942 6730 6596 2659 6173 5644
27 7779 1565 1578 1582 7685 1624 7582 1729 7501 7461 7445 7440 7303 7220 1947 1957 1958 7166 7089 6881 6833 2273 6732 2386 2406 6371 5885
27 1581 7710 1613 1619 7599 7570 1696 7548 7530 7497 7469 7465 7454 7360 7306 1900 1974 1978 7121 2031 2306 6650 6561 6496 2528 6216 3080
26 1598 7684 1640 7640 1702 7504 1782 1827 7339 7301 7228 7128 7119 7048 6943 6929 6921 6920 6901 6883 6821 6783 6598 6542 6511 2936
18 1606 7673 1611 1623 7635 7634 1649 1684 7550 7535 1722 7451 7391 7389 7348 2623 6271 6202
25 7646 7571 1733 1803 7434 1814 7420 1843 7302 1902 7263 7255 7252 1951 7154 2065 6916 6798 6776 2371 6573 2431 6513 2494 2681
31 1645 7628 1652 1654 1656 7624 7563 7446 7425 1850 1910 1912 7224 7197 1966 1989 2046 7019 2095 6909 6867 2257 2261 6762 6751 6564 2467 2493 2523 2582 6246
25 7591 7585 7578 1710 1743 7506 7452 1857 1869 1878 7289 2063 2093 2189 2329 2444 2456 6498 6447 2530 2532 6320 2611 6164 6090
32 1736 7514 7510 7507 1775 7398 1844 7274 7269 7250 1953 7169 1982 2025 6986 2115 6907 6838 2275 2357 6637 2385 2448 2481 6442 6390 2556 2565 6159 6121 5674 4131
25 7499 7495 7403 7311 1922 7182 7140 7101 7055 2160 6899 2203 2211 2308 2311 6503 6495 2487 6490 2498 6377 2585 2594 2634 4275
27 1763 7476 1806 7373 7372 7366 7314 7254 1945 1979 1997 7052 2109 2197 2214 6832 6828 6761 6667 2441 6480 2587 2719 6088 6061 6017 5638
25 7438 7433 1823 7357 7350 7325 1901 7241 7226 7211 1949 7168 7137 7092 7073 2072 6818 2268 2400 2516 6332 2630 6179 2810 4361
28 7437 7428 7410 7333 1884 7283 7225 7208 7198 1992 7145 2002 7139 6981 6887 6801 6799 6797 2248 6782 2264 2269 6704 6663 6240 6065 5988 5410
30 7365 1845 7285 7262 1940 1955 7170 1984 1987 7113 7057 2074 6913 2162 6825 2250 6745 6717 6709 6660 6654 6533 6499 2514 6435 6269 6266 2668 5970 3024
29 1886 7273 1903 7248 7193 7085 7067 2079 6911 2210 6769 2282 2302 6713 6631 6619 6534 2478 2537 6415 2544 6404 6325 6264 6235 6133 2791 5953 4058
24 1906 7231 1931 7189 1977 7160 7095 7017 2102 2104 2360 2393 6577 6532 6431 2567 2572 6360 2616 2670 6189 2716 2783 2879
25 7221 7210 7200 7143 7141 7129 7127 2023 7070 7064 7041 6964 6957 6926 6886 6880 6848 6774 6688 6569 6358 6305 6303 6279 2895
26 2022 2045 7027 2073 2081 6987 6934 2174 6858 2285 2294 2328 6636 6583 2505 6327 6308 6184 6169 6157 6149 6142 2809 5991 2952 5698
29 7103 7083 7023 2112 2127 6937 2159 6903 6855 6852 6840 2284 2336 6662 6661 2398 2405 2454 6506 2501 6311 6161 2737 6094 2776 2781 6074 5987 3504
23 2035 7034 2089 6917 6771 2340 2383 2427 6478 6465 2571 2667 6141 2749 2789 2796 2807 6038 2901 2942 5851 5789 5707
19 7079 2047 2118 6958 6949 6896 2172 2196 2199 6702 6602 2422 2533 6397 2620 6012 2850 2956 3057
28 7069 2070 2087 2133 6938 6894 6870 2208 6834 6831 2222 2240 6733 6679 2347 2374 2376 2434 2559 6356 6293 6217 6008 5960 5930 2957 5681 5517
7 7003 6967 2117 6694 6659 6576 5561
24 6968 6965 2113 6962 2128 2131 2164 6900 2177 2437 2491 6366 2627 6222 6203 6181 6153 6068 6059 6029 5950 5948 5928 2980
17 6953 6946 6939 2180 6723 2345 2828 2862 2881 2902 5897 5836 2969 3006 3021 5723 3386
33 2173 6863 2192 6853 2216 6803 2277 6734 6700 2317 2356 2363 2392 6593 2443 6517 6339 6335 6316 6201 2691 2703 2706 2712 6052 6011 2904 2911 5877 5779 5774 3048 5486
31 6884 2181 6877 6839 6788 6691 6642 2366 6592 6579 6560 6501 2483 6324 6251 2709 2731 2751 2834 6028 6022 5918 2915 5870 5849 3038 3071 3107 5418 5320 5211
26 6875 2190 6608 2421 6541 2486 2545 2553 2618 2626 2721 6136 2778 2844 2848 5926 5907 5859 5845 2959 2985 5787 3008 3059 5690 5392
27 2200 6827 6777 6685 2344 2362 2377 6568 6548 2449 6489 2597 6317 6289 6260 6248 2718 6076 2814 2968 5717 5712 3062 3106 3120 5273 4915
31 2229 6792 6789 6768 6605 6589 6536 2471 2503 6467 2579 6290 2638 2729 2732 6139 6080 2812 6013 5985 2885 5937 2938 5844 2999 5729 3074 5635 5551 3375 3595
33 6802 2246 2259 6739 6682 6645 6549 6526 2461 6477 2529 6420 6391 2566 6273 6254 2694 6108 6086 2784 2819 2883 5864 5813 5809 5805 5795 3030 3092 3101 5591 5208 4347
18 6760 2271 2272 6695 2361 2438 2476 2510 6041 2990 5736 3072 5621 5618 3403 4978 4916 4576
32 6758 6736 6604 6571 6529 6525 2455 2543 6370 2575 6355 6342 2612 2619 2669 6209 6103 6077 6040 6002 2953 5734 5685 3083 5678 5633 5609 3161 3173 3188 3279 5178
26 2290 2292 6558 2458 6514 6458 6383 2588 6239 6070 6053 5996 2866 5936 3045 5667 3138 3148 5527 5481 5398 3285 5054 3642 4747 3769
22 2299 2309 2319 6678 2402 2420 2453 2460 2484 2488 6469 6455 6408 2926 5882 5780 3157 5569 5559 5470 5065 3808
25 6714 2312 2321 6689 2407 2490 2492 6468 6443 2621 2628 6241 6196 6066 2824 2856 5946 2927 2962 5819 2976 3014 3015 3041 5666
34 2379 6611 2411 6527 6505 2515 6401 6381 6349 6333 2641 6131 6126 6116 6019 5995 2865 2884 2964 5812 5728 5715 5660 5650 5586 5582 5548 3202 5432 5375 3334 5033 3517 4901
17 2425 2445 6512 6487 6400 6396 6394 6373 2605 6259 6194 6158 6109 6101 2779 3159 5453
25 2466 6494 6476 2521 6438 2580 6346 2598 6314 2650 2764 6095 6089 2773 6081 2787 2829 5915 5562 5361 5285 5269 3531 4871 4821
10 6492 6417 6372 6281 2804 3381 5240 4793 4789 3748
30 6403 6387 2592 6336 2602 6307 6270 6247 2702 2742 6071 5961 2875 2896 2978 2987 2991 3002 5776 5764 5725 5615 5593 3168 5549 5543 5513 5365 4977 4775
27 2564 6343 6315 2639 6285 2662 2665 2700 6144 6067 2816 2831 5981 5872 5702 3070 3098 5649 5536 3197 5507 5372 3305 5280 5227 5204 3436
31 6365 6353 2593 6334 2625 6232 2676 6219 6193 6132 6047 6031 2871 5932 2934 5824 5719 3066 5677 3111 3154 3196 5526 3218 5491 5275 3366 3422 3555 4678 4014
22 6288 6199 2696 2726 2733 6118 6107 5992 5922 5888 5873 5686 3084 5665 5629 3207 3226 5473 4998 3570 3634 4625
33 2660 2684 6195 6140 2750 2827 2880 5933 5902 5814 5792 5765 3022 5657 3112 3141 5575 5560 5538 5515 5466 5430 5402 5386 5317 3345 3472 5007 3540 4875 4708 4605 4037
2 2690 6172
20 2692 6165 5920 5892 2932 5788 5785 3023 3135 5599 3163 5521 3214 5489 3349 5231 5050 4832 3826 4556
17 6146 6124 6122 3017 5762 5753 5747 5294 3355 5257 3404 5042 3529 3857 4539 3913 3952
27 2754 6110 6087 6083 6043 6034 2861 5871 5754 3029 5735 5722 5676 5624 5571 3208 3224 3237 5380 3308 3354 5256 5216 3530 4707 3876 4502
26 6106 6104 6079 2792 2798 6058 6054 6035 6020 6004 5979 5866 3032 3053 3140 5589 5459 3289 5215 3406 3421 5092 3474 4965 3554 4881
15 6023 2898 5743 5710 5684 3165 3219 5471 5374 3468 5021 4963 4512 4364 4254
16 2839 5986 5980 5923 5893 2958 3081 5391 5344 3328 5196 3457 4956 4771 3901 4188
24 5957 2886 5858 3012 5745 3097 5663 5641 5625 5576 5558 3239 3351 5184 3451 5032 3522 4954 4947 4923 3633 4419 4418 4300
24 2882 2899 5927 5891 3000 5651 3200 5518 5494 5452 5449 5437 5359 5342 5337 5305 5276 4981 4940 3645 4767 4235 4184 4171
23 2910 5899 5853 5825 2988 3052 3089 5626 3133 5363 5358 5316 5300 3352 3369 5225 5221 5161 4913 3589 3601 3668 4097
18 5880 2951 5827 5816 2974 5709 5341 5286 5261 5110 4973 3547 4961 4895 4866 4762 3758 4690
24 2972 2975 5799 2997 5778 5750 3142 5620 5616 5607 5572 3206 3217 3221 5469 5408 5232 5158 3450 5101 3467 4897 4699 4635
28 5810 3007 3031 5697 5627 5623 3178 5364 3307 5319 3374 5234 3397 5180 3447 3459 3478 3493 4995 4936 3583 4890 4872 3663 4791 4714 4685 4643
26 3004 5773 5733 3046 5708 5672 5655 5640 5605 5563 5554 5544 3223 3358 3424 5091 5009 3527 4908 3607 4827 3734 4682 3829 4437 4111
30 5775 3068 5688 3085 3088 3093 3189 3230 5468 3257 5243 5155 3438 5120 5017 5016 3510 3542 3588 4877 4841 3652 3664 4811 3760 4680 3796 4540 3918 4256
19 3056 3115 3270 3294 3338 5217 3413 5173 4984 4840 4820 4735 4683 4674 3816 4586 4548 4526 3970
16 3102 5656 3276 3296 5250 5190 3426 3498 4999 4993 4959 3578 3649 3655 4798 3708
23 5631 5602 3245 5458 5414 5338 3357 5172 5140 5099 5019 3521 3559 4927 4907 4884 3614 3653 4702 4695 4592 3868 4353
25 3129 5628 5617 5594 5573 3231 3244 3252 3255 3309 5145 5089 5085 3572 3577 3661 3687 4746 3710 3712 4698 3800 4600 4516 4063
29 5565 3184 3204 3222 5463 3248 3253 5444 3263 3282 5328 3395 5203 5088 3469 4979 3586 4905 3688 3706 3717 4688 4619 4590 3840 4552 3906 4345 4135
25 5487 5464 3261 5431 5393 5362 5335 5264 5011 3538 3597 3613 3627 4848 4783 3713 3727 3752 4666 4631 4584 4561 3872 4461 4339
28 5485 5422 5419 5415 5399 5321 5194 5143 5004 4971 3561 4920 3624 3626 4850 4790 3699 4741 4681 4664 4615 3842 4532 4518 3931 4422 4412 4268
19 5479 5394 5389 5357 5331 3337 3342 5271 3365 5164 5034 5025 4912 3673 3676 3719 4407 3956 3957
20 3325 3329 5288 5283 5165 5094 5061 4982 4932 4733 3729 4646 4571 4531 4517 4490 4479 3946 3962 4354
23 3327 5295 3371 3372 3378 3414 5179 3433 5141 3483 4721 4593 3848 3859 3909 3936 3940 4411 3959 4384 3985 4352 4274
23 3343 5272 5246 5242 5205 3428 5139 3445 5111 3497 3523 3526 4968 3593 3691 3768 4663 3841 4510 4468 4450 3930 3958
10 3376 5236 5186 5131 5098 3466 5087 3475 5039 4644
18 3400 5199 3419 5078 5047 3485 3509 3539 3591 4859 4729 3726 4705 4580 4380 3979 4026 4257
23 3473 5060 5043 4991 4987 4972 4939 3564 3566 3569 3600 4849 4816 4810 4780 4624 4613 4505 3938 4381 3993 4346 4337
15 5013 5003 3535 3549 3550 4924 4899 4894 3617 4876 3658 3689 3779 4297 4287
22 3525 4946 4911 4886 4863 4846 4806 4781 4744 4731 3725 3749 4651 4620 3838 3948 4369 4367 3988 4020 4270 4224
20 4934 3576 3594 3596 4879 3621 4860 3738 4675 3793 4569 3862 4485 4463 4449 3943 4008 4291 4222 4197
11 4902 3602 3615 4868 4861 3666 4786 4778 4772 4755 4712
15 3641 4842 4837 3690 4770 3714 3736 4709 3750 4608 4416 4326 4320 4271 4196
19 4836 4826 3718 3732 3737 4711 3751 4686 3788 3823 3861 4537 3910 4409 4366 4360 3998 4105 4138
19 4819 4815 4787 4752 3773 4670 4668 3789 3809 4606 4572 4484 4462 3994 3996 4012 4319 4155 4150
13 4814 4742 4725 3790 3792 4626 4563 4558 4536 4439 4426 4036 4075
15 4812 3728 4653 4649 4618 4604 4595 3864 3874 4508 3900 3947 3990 4000 4038
12 4800 3723 3740 4706 3761 3843 4528 4427 3977 4342 4336 4042
13 4740 4738 4719 3776 3822 3853 4554 4451 3924 3935 3995 4039 4108
15 4704 3754 4669 4541 4513 4491 4464 4429 3933 3965 3980 4013 4296 4267 4061
7 4656 4654 4609 4596 4499 3915 4459
10 4623 4570 3869 4498 4482 3916 4445 4362 4029 4228
2 4557 3870
10 3890 4475 4453 3945 4405 4403 4283 4265 4210 4176
11 3891 3928 3967 3969 4007 4016 4022 4041 4269 4253 4121
11 4496 4438 4406 4404 3964 3966 4333 4024 4308 4242 4209
8 3960 4399 3976 3999 4305 4245 4073 4208
11 4372 4330 4301 4056 4261 4234 4233 4225 4206 4203 4173
9 4365 4010 4023 4299 4220 4216 4102 4154 4142
2 4359 4324
7 4027 4321 4035 4086 4202 4143 4133
2 4187 4159
2 4164 4162
7 4025 0 4125 9996 9 4118 3109
8 4130 4132 9983 4146 4149 4106 4207 4085
13 9994 9993 4136 4147 9964 4113 4109 9935 4191 9852 3805 4847 5989
11 4137 4140 9979 4153 30 4157 4167 4177 52 4240 4493
13 4145 9973 21 4160 4161 9959 48 9923 56 9893 9587 303 3125
9 4158 4163 32 9931 57 58 4080 4226 9877
14 38 39 4179 4180 4098 4090 4213 9876 86 4074 4244 4492 3820 7881
18 9939 4174 4178 4101 4100 55 9919 9902 4215 4218 92 96 101 9830 4059 4043 803 2341
13 51 9921 9917 59 9906 71 76 4232 112 4051 4310 9624 9405
10 4190 4193 4095 4199 95 4258 4054 3971 9426 414
15 67 4212 9871 9862 99 4276 4280 9810 131 9794 4312 4328 4340 4555 5154
20 74 4223 4079 83 9855 9845 9844 9824 4277 4288 123 4317 153 4332 169 9734 193 4434 9513 4648
20 9883 84 9857 109 115 4294 4045 125 9800 143 9769 157 9736 9729 9716 9712 9683 9598 8843 8480
15 4229 4241 4243 4262 9821 116 4293 4295 9792 4335 3978 9673 3939 4470 5884
17 9853 9851 9842 9835 4064 9833 140 4316 4033 3927 297 299 4538 9169 9140 762 1224
23 110 4272 4281 9818 4284 9780 4032 4011 4351 3983 4373 4414 4421 4448 9630 9588 3895 4509 4614 3571 8847 3418 5622
17 111 9815 9812 4290 9809 4019 161 4343 178 4368 198 3963 222 9596 4645 418 5252
14 4289 4292 4047 4306 9793 133 9739 183 3886 4525 335 9421 507 7217
20 9808 135 4031 4124 4021 4334 9750 3982 3981 4371 9707 210 4410 4424 245 9617 263 4549 3837 9409
19 141 9771 4028 9728 3989 4375 4376 4379 4382 4383 9704 3961 270 379 9469 386 4693 633 1950
10 9763 213 9666 254 9609 318 4610 3650 3639 8425
14 9762 4017 9760 4344 4002 4378 9483 369 3814 9427 9411 9122 613 999
23 4341 9737 174 9720 3986 4374 9703 9694 9672 3942 4420 3926 234 9616 274 4488 9448 3799 9387 9355 5001 8333 8148
18 4003 4363 184 189 3944 4417 3923 3920 264 9547 9507 449 4700 4727 494 4756 9021 8139
11 4388 194 199 9689 9681 3897 9400 3747 514 9209 700
18 200 9690 203 4401 4402 4423 231 237 4471 3896 367 9455 9325 9312 4737 4838 3574 1
16 204 3955 4425 9664 249 3894 337 4546 4578 382 3806 3786 9299 4843 9103 7898
18 4413 4428 4430 225 9651 9618 4515 305 4602 9453 9424 9389 9264 3662 9077 4955 8226 7808
16 219 4431 9660 4435 223 4440 259 278 9430 9381 4676 475 4776 645 3512 1632
14 9658 3925 4443 9654 239 4477 3753 4723 492 9119 9098 4970 9011 5026
13 4444 4456 292 3888 9390 9290 512 9252 9232 9050 9047 3499 8837
15 9634 3908 266 9593 9575 4504 300 3889 428 3692 3684 3677 4893 775 955
18 9628 310 3879 322 339 4551 4637 9344 9326 9222 3674 9197 3657 669 8942 5056 3193 1781
9 3905 4489 301 4519 4520 4522 8960 5174 8758
23 290 4500 3892 9548 9545 331 4547 9501 3849 376 9466 3828 4713 9196 559 4862 9024 8972 5081 3287 5426 7889 6050
21 9562 4533 9526 3863 359 4564 9490 4583 4603 3812 9414 406 412 9359 3721 3672 4883 3599 8999 5114 887
19 3882 313 323 9529 332 334 9497 3839 4591 9464 4617 430 9292 8975 5027 8867 5239 904 1413
21 4542 4544 353 9502 4565 3846 4582 3834 9458 3819 3807 9434 9367 4748 3700 4839 5037 8860 830 6326 7310
21 4550 356 358 3850 9500 360 4577 4579 3817 4633 4761 9250 580 611 3568 635 5067 5072 3458 5447 6119
20 373 3835 384 403 3798 4658 4667 3778 3771 3759 3730 9311 539 4829 4851 585 9091 639 5040 8757
20 9451 391 392 9412 3795 9372 9365 9303 4743 9279 522 4855 3616 8990 8901 3461 8773 5287 8319 1789
17 3813 3797 3794 9370 9300 9280 9256 4779 603 623 9081 683 5076 5187 5248 5643 5662
13 9437 400 3801 600 673 758 3409 8764 3370 903 5484 7626 6628
26 4630 3802 4638 4647 4652 4657 413 4684 4687 4689 4696 9332 9287 9278 9261 3686 9207 557 3646 643 680 693 3470 5299 938 8578
19 4641 3785 4665 9375 4679 9363 9327 4728 510 529 9233 4813 9118 3605 3463 8713 8614 5642 2006
21 409 3774 9376 452 3743 9249 9228 9218 9216 9187 9185 9160 3609 9002 3464 844 8599 8497 5505 1221 5741
7 420 9338 9334 9177 4918 3552 5982
25 4691 3742 465 4720 9247 4782 9179 564 9158 9135 609 3585 628 4930 4943 713 729 8926 5095 8882 5104 8610 5346 1046 2949
20 4694 466 468 473 4726 4732 3705 4914 9072 9060 664 8883 8871 8796 8759 981 982 1050 8283 1571
15 9317 9267 532 4818 4822 4833 567 4845 3368 5270 3213 1088 5539 1114 8140
13 4724 9281 3695 584 4919 4925 3567 8401 5590 5652 5755 1495 6078
20 9314 521 4785 4825 3622 9068 9043 9035 9010 4986 4992 3514 5006 5073 3437 802 5191 1063 8329 6940
19 9254 4774 9231 545 546 9116 4882 3543 9008 5075 5122 815 8762 5268 5356 5531 3137 8217 1828
22 3678 4792 3670 9178 560 4835 3635 9007 4985 3508 5048 3477 5152 3401 5214 8752 914 3271 5541 5567 3113 2740
23 3675 9203 9173 3637 3631 594 9092 642 8989 5000 3507 8963 5015 8886 5093 8807 8780 3377 5443 8370 3047 3043 6904
20 550 9186 4823 4906 9057 709 8956 710 8925 8915 8878 5132 5202 5220 3389 8732 8688 947 8210 3013
18 4828 4831 3647 4844 569 9127 4873 3584 8939 5063 3446 831 5259 8601 5373 1047 5737 7676
26 576 4864 9110 3606 9090 4921 9067 3563 4952 5024 8938 5108 777 8864 8859 3441 866 3382 8722 917 3344 8550 8190 8029 7733 2727
16 9153 3629 3502 3449 782 5135 8691 920 8650 3301 5409 1057 3067 5746 7932 6204
23 597 4888 3608 4892 3548 8899 5080 5118 781 8855 8842 838 8761 8630 954 5332 8621 965 1054 8200 8175 2945 1517
24 4874 9126 4898 3603 644 9051 686 3456 8826 8813 805 3416 861 3390 8597 998 8422 3211 1173 5790 8031 1416 1673 7353
16 615 9089 3553 9012 8907 8824 799 8787 984 989 8490 8373 1135 1352 5958 2757
23 9093 9087 3565 636 9029 3453 778 8861 8844 8821 5198 3393 5230 5379 8475 5546 8362 1122 5648 1392 2889 7778 2508
29 9078 4929 9056 648 3546 3545 4988 3515 5083 8857 798 5162 8775 855 5219 8755 895 8675 8560 5477 1094 8341 8254 8242 8168 2888 5943 7912 6180
24 4938 4958 3544 670 4990 8967 5018 715 8892 8801 832 863 5306 3269 1052 5519 3108 1272 2970 5820 7909 1453 7888 2447
21 8993 8988 689 8976 3494 8815 5192 5200 8769 865 877 5265 3321 8591 8489 3250 3096 3073 5956 6048 2043
23 4997 5010 718 3490 3484 5137 8721 5249 909 8686 918 8558 5450 5540 5577 5695 5718 3034 8051 5971 2869 2714 7271
22 5023 5028 8943 739 741 8877 858 907 916 5417 5427 3220 8436 5504 1068 3180 1142 5720 5978 1469 6009 6220
21 8944 5045 5059 8894 5100 3415 3360 3356 8639 5330 5428 1029 8426 5581 3054 5727 5842 2821 7803 1537 1858
25 3487 5053 3481 8917 5064 5124 3430 872 911 5289 924 3317 8605 5367 8512 8384 8348 1137 3152 5758 8129 2837 6075 1616 7615
24 5058 743 8912 5070 5071 753 8889 3434 5281 5291 8666 8616 8611 986 5438 8509 1070 1146 5731 1383 1530 7737 7656 6466
13 5090 5096 8814 3246 3175 8338 5606 8279 5730 5808 7795 2697 6306
24 8876 8862 5169 5175 5292 8665 8659 5347 8604 3303 3284 1056 8378 1103 8223 1353 1382 5924 1535 1536 7763 7681 6223 7159
31 5119 5121 8840 790 793 3407 868 8734 5297 3314 5352 3290 5405 8538 1023 1034 5497 8334 1171 8189 3026 2979 1457 6111 7758 1567 2708 2658 2653 2568 1848
13 5133 5146 3431 822 881 3364 922 1145 5646 7924 7750 2432 2219
30 789 3427 8798 8794 3402 3398 3392 893 5304 3310 8552 1003 5441 3251 8476 8435 8390 3061 5716 5732 5752 5804 1439 1458 1496 7725 6170 7630 1706 6607
30 5183 5189 8760 871 878 3379 8677 5309 974 997 5420 5442 5451 8446 8413 8371 1102 3132 8255 3063 1249 1261 5817 8007 1409 2872 7702 6302 6621 2224
22 848 5222 5238 888 5279 933 5327 8573 5395 3273 8507 8482 5578 1170 8185 1223 5786 6006 7692 7622 6471 6963
23 8728 886 8668 5311 943 3315 3277 5411 1044 1091 3199 5579 1188 5767 8124 5972 1504 1552 2632 7546 6376 6518 7218
25 901 8689 3336 3330 5329 3320 3313 5404 8536 8455 5488 8345 8337 1128 3095 3028 5782 1294 2982 7962 6072 6134 2631 1783 2419
14 5278 3341 3340 8661 1085 8355 5962 1507 7682 2695 6594 7212 7172 7155
28 8680 925 8652 5314 8617 1002 1032 1045 3241 3174 8335 1147 3147 8149 8109 2967 7831 6100 7757 2739 2704 2645 1713 2462 1876 7236 7206 6850
18 8642 8641 8628 3298 5429 3228 5533 1097 8332 3136 1166 5800 1308 7739 2741 7515 6384 7196
22 8623 5382 8562 991 5480 8437 1069 8350 5592 5600 5611 8248 8231 8137 2981 8035 6156 7701 7378 2527 6653 7013
25 3304 8593 3286 1000 1074 3191 5568 1144 8284 8278 5664 3094 5761 1262 5839 2939 7882 7700 6418 1840 2364 7081 7053 6991 2226
18 3300 8577 987 5384 5390 5425 8505 8391 8352 8222 5689 8115 1314 2893 1511 6530 6757 2245
23 972 8511 8466 5530 5603 8296 1176 3078 5691 3065 3003 8066 5854 2944 1358 7853 6166 6226 7558 6323 2485 6807 2187
20 5397 3229 8369 8330 8294 3146 3134 3127 8191 3010 1280 2984 1401 7893 6175 6182 7623 1726 6521 6977
28 8532 1007 8528 1011 1020 3262 5501 3194 8347 3131 3124 1182 5701 1292 2973 5833 8038 7953 1451 1461 1636 1661 6282 7556 6451 6539 7146 2231
23 8518 5434 5440 5514 5547 5601 8260 3110 1214 1244 5766 8106 2977 5840 1406 5993 5994 1494 1664 1719 6338 1918 2110
26 8483 8458 1092 1096 5550 1163 1172 8215 5770 2998 5847 5848 5894 7973 5909 7948 7859 2845 2657 1667 2581 1832 7184 2283 2108 2111
24 3242 3234 5490 5509 8358 1121 8253 8245 8206 1215 8089 8015 1418 2903 1452 7860 7844 7809 6345 6350 2475 2387 2326 6837
26 3215 5496 5506 1083 1118 1120 8325 8318 1158 3121 1303 1321 5874 8020 7941 5947 7696 7587 2576 6362 7385 6432 1927 7102 6861 6924
24 5510 1089 1104 5584 1168 5647 5661 5803 1319 1320 5834 5852 5869 1459 1482 1498 2759 1701 6380 2551 1830 6439 6841 2130
25 1098 3192 3176 3167 5597 3144 8262 3105 1206 5694 8145 5830 1371 8008 2887 7884 1467 2842 6044 6174 2549 6462 7307 7167 2315
14 1126 7989 1402 7919 2833 2811 2730 2682 6321 1819 1866 6629 6701 7044
19 8274 8264 5659 8224 8214 5699 3055 8047 1389 1405 7949 2891 1460 6024 2817 6208 7363 1873 1887
26 8251 1193 1194 3086 5687 5704 3058 8144 3020 5768 7990 2900 5998 1483 6063 2780 7792 6213 6228 1761 6450 7290 2372 6644 6726 6930
21 8211 1207 1218 1226 1228 1233 1256 1290 5791 2946 2897 7873 6010 6018 2761 2683 7620 1885 1892 6565 2206
24 1248 8147 8122 5781 5811 5818 2948 5890 5905 2877 1489 2790 6082 6114 2743 6143 2686 2675 1662 2671 7431 2540 7276 7072
16 8153 5793 2935 2928 2924 5913 5974 6025 2800 2656 6291 6414 7265 1905 2348 2278
15 5749 1309 8013 7983 7958 2913 5963 6026 7588 2615 6426 6433 6591 6670 6706
20 1259 8131 5763 2986 1395 7950 7939 1436 7877 2826 6060 1553 6192 2666 7586 1838 7171 7124 2324 6998
18 3018 2989 8067 1329 7942 7928 5964 2859 1490 6098 6145 2617 7493 1853 6502 7126 6696 2034
17 5769 1301 1302 1326 1360 2923 2857 2818 7816 1585 1621 7532 6388 6540 6545 6698 2125
22 5802 1304 1306 1307 5822 8055 2955 2947 7935 7863 2852 7830 7740 6253 6272 1698 1774 6510 2464 1914 2015 6786
17 5843 8042 1349 2943 7925 5951 7906 1493 6115 6137 7589 7557 7388 1894 6624 2287 6743
11 1344 8040 5856 5862 5906 2867 7876 2846 2825 2802 2753
21 8025 5983 7824 2808 7802 1526 7785 1548 6129 6176 1642 6298 1744 2589 2546 2369 2342 2019 2033 2060 2251
13 5879 2931 2878 1589 6187 7612 6337 1771 6398 6692 6719 7033 2193
17 8004 5904 5911 7875 7847 7811 7776 6138 7712 1721 1742 6375 1856 7238 6721 7035 2225
20 7993 5900 7955 2909 1427 7838 7706 6178 1618 2685 7560 6378 2560 1829 6457 1936 7099 2300 2256 6851
21 1433 7891 5975 7869 1477 7835 6033 7815 7771 7767 7766 6191 2699 1630 6206 6224 6238 7554 6399 6483 2327
12 2835 1532 6085 1544 7549 7509 2534 7346 7321 7237 7075 7018
23 1519 2799 6069 2760 7761 7753 7651 6210 7645 7596 6310 2610 6352 7459 7443 1847 7344 7312 2032 7088 7058 6772 7012
19 1525 7784 1549 7765 2763 1564 2720 1709 2606 1747 6367 6429 2520 1870 6544 2413 7199 6749 7007
13 1545 7727 2724 7663 6406 2500 6484 7298 2428 6742 6846 2185 6895
19 7748 2735 2725 6183 1647 6252 1749 6486 7328 7308 6508 1879 6552 2404 6601 7118 2082 2237 2151
15 7745 7709 7703 7680 7672 7661 1650 6354 1796 6460 7267 7233 2010 2014 6945
8 6163 1603 6171 2646 1680 7531 7525 7500
12 7670 7610 1671 2651 1695 1754 2577 6386 7429 2424 7025 6996
18 1620 6215 2680 7614 6268 1679 1694 1708 1723 2590 6368 1797 2502 7247 7242 1952 1963 2077
17 6221 7629 6233 6256 6277 2643 1799 7432 1825 2539 7404 7355 1919 2370 1968 6684 2204
19 6230 7598 1683 1688 1692 6287 1724 7400 7370 6454 2465 2463 7300 1929 2390 2354 6665 7130 2080
18 6263 6296 2629 6318 7522 7423 6434 6449 6456 7345 7336 2416 2389 7157 7112 2235 7005 6873
10 2624 2595 7503 7484 7450 7330 7282 7258 7077 6741
16 1767 6364 7462 7455 2558 7419 2548 1908 7257 6582 1934 2382 1972 2314 6716 7056
19 6357 1792 6385 2547 7407 7377 1867 1915 2412 2408 6585 1948 6646 2316 2044 2056 6809 6811 6915
16 1802 2552 2542 7409 6436 7374 2522 1849 2513 2495 6581 1933 7213 2373 6948 2171
11 6409 7401 7390 2509 7275 1920 1962 2004 2153 6908 6892
12 2525 2511 6472 2499 2474 6586 2397 1960 6648 2017 7104 2165
9 1852 1861 6515 1889 2426 1935 2355 7150 7043
13 6473 1871 1872 7305 7284 7268 1899 7195 7188 2325 6728 6763 7032
14 6522 1883 7291 6572 6574 6590 1988 6693 2040 2276 2262 2066 6993 2121
11 6535 1898 6567 7243 6606 7209 6651 6697 2260 6989 2220
13 2415 6609 1971 1986 2009 6674 7108 6773 7009 6800 6999 6829 2184
13 6615 7163 2337 7135 6666 7131 2011 6672 2320 2020 6705 6780 6954
10 7190 2331 7122 6707 7059 6997 2120 2124 6951 2148
13 7117 2021 6708 7105 6711 2030 7097 7091 7082 7068 7000 6882 6893
10 6715 2289 7071 2050 7039 2068 6813 2100 2188 6941
4 2286 7076 6814 6862
2 2052 6976
5 7062 2062 7046 6849 6927
5 6764 7037 6872 2183 6914
3 2071 2243 6878
6 2207 2194 6856 2132 6918 2178
10 2168 2167 4126 4134 2161 6912 2176 6795 2281 9798
7 6902 9989 2158 2175 9949 6979 9442
9 15 4144 9975 2179 9954 36 4185 6675 6329
11 9974 4152 9955 33 43 9936 6874 2136 6866 6750 2843
8 6922 9963 9961 2142 4194 2106 2689 5074
13 4156 6876 35 4175 2135 2129 6854 4205 4089 6971 9885 4055 9733
13 9937 2138 2137 6944 9898 6978 2233 4247 9854 7045 6740 1996 8398
13 4104 4181 4183 6859 2195 9909 4083 87 91 7024 7038 4370 2613
12 6868 2126 9915 9907 2212 4221 80 2247 2064 150 4432 4736
14 4192 4096 9899 6826 6990 6994 6817 6815 81 9864 117 7111 4325 2538
11 2201 6966 9892 9880 2238 6793 7061 4044 7078 2039 3648
11 73 6985 2096 2232 4076 4251 106 4263 2001 4348 7693
11 4082 6822 6816 7016 7022 4069 7028 107 2061 6652 8603
19 6819 9884 4227 9874 2239 9831 6779 9825 4278 4282 2057 4048 6752 6747 9795 2303 6630 230 4880
11 9856 6753 2279 7065 6744 6738 6727 2313 9436 6015 5976
10 4252 2058 2266 2298 134 2310 2318 2375 4457 6084
11 9817 6765 6754 9803 4302 9790 9781 4004 190 4396 3429
6 9811 7054 2274 6584 6550 9495
