5 5401 0 9993 9878 9749
3 9792 9776 3284
4 8279 8054 8866 7185
4 7476 7441 7356 2055
1 7228
2 5434 4047
3 4996 4962 4725
4 9710 9999 9971 9956
7 9953 9942 13 9931 9891 9885 7539
6 9898 1120 9887 9759 9703 9005
4 9875 1128 9854 9771
9 1127 1129 9808 9719 49 9690 9668 9294 8797
6 9840 9775 1095 60 9567 7820
3 1149 9069 8499
4 51 1158 58 1173
4 9676 9608 9606 5544
4 9648 9600 8802 4474
7 9580 9568 9555 9552 1086 9465 7509
5 68 1185 79 1202 8717
1 9520
3 73 9439 1507
3 9467 9290 8666
5 1085 9432 9391 9390 9398
3 9417 89 9203
3 9339 9309 8238
4 1213 9336 8942 3184
7 9338 9296 1225 9243 9067 1437 5275
3 9217 107 8923
3 9184 8994 4023
6 1242 108 9129 9061 9013 913
2 9058 3897
1 8949
5 8934 8913 131 8216 6505
2 8910 1374
4 8908 1285 8046 7105
6 8893 8891 8877 8825 6302 2252
2 8762 148
5 8707 8685 8684 1403 5749
3 8683 8636 8503
6 8625 8581 8572 1336 8467 8364
3 8507 7964 6872
3 1060 8036 9739
5 182 1350 7878 526 2363
5 8454 8423 204 6890 3950
4 8411 8333 4922 44
5 1367 8321 8267 8100 7348
4 1379 8282 8275 7681
6 1380 8260 8222 8174 6828 2704
4 8251 7989 9794 1157
4 8180 8152 1408 5423
5 8132 8089 7953 3158 6539
4 246 251 7739 7603
4 8053 7950 7938 2746
3 7983 7951 6390
3 7836 7784 7376
3 7833 7826 7813
3 7705 7696 4700
3 7676 7617 4795
2 1495 5311
5 7593 7577 296 7559 5828
2 299 307
9 7487 7485 7481 1043 7395 7349 7283 4530 3914
5 7390 7374 1549 7039 6339
3 7338 7307 6770
3 1552 7257 1636
7 7300 7290 7251 1575 6700 3084 7992
2 7214 5078
2 7204 6693
4 7059 7054 7044 6606
3 7052 7008 1619
3 1594 6991 1662
2 6933 6889
3 6817 438 6153
4 6731 390 6702 6934
1 6717
4 6701 6685 6534 3422
4 6621 1641 1645 452
7 410 6477 1658 421 6096 4556 3771
8 6520 6496 6489 6482 1663 1680 6011 5454
2 6448 6019
2 6445 6193
2 6417 5037
3 6335 6323 6311
2 6300 3762
3 1698 6250 9639
3 6136 6074 3087
6 479 480 1731 5926 5596 2936
3 5974 5960 4399
3 5935 5894 5599
2 5895 5836
4 5791 5776 1788 1801
4 5683 522 1809 2953
5 5555 1825 5467 5407 3856
3 5460 5459 3533
4 562 5272 1881 4545
7 5410 1848 5399 5198 667 971 1694
1 5362
4 5354 5348 5127 3274
3 5269 4918 6524
1 5224
4 5162 5065 4908 3033
2 5130 4861
4 5048 5044 4901 2628
3 5003 702 2521
4 4994 4983 4968 5333
5 623 1938 4729 3945 2148
5 1935 4760 899 4783 859
2 4812 4509
4 630 644 4563 4383
5 4766 1952 4726 4392 8012
4 4753 4697 4542 869
3 4504 4484 4363
3 4416 4310 6964
2 4401 2853
3 4337 4324 1107
4 4303 4298 4269 4242
3 4189 4181 5726
3 4129 4077 4041
2 4054 746
3 3978 3971 901
5 3922 3886 2096 2098 792
5 3872 3837 3819 2170 5512
2 2103 955
1 3797
3 3792 3626 9525
4 3745 2114 2145 2625
2 3727 3698
5 3705 3671 3644 2165 2373
8 3464 3417 3415 3388 3369 3349 3302 8712
3 3310 966 229
3 3275 3189 2188
4 3265 3140 3028 7855
5 3128 2211 7519 8196 4719
2 3041 2223
3 2993 2914 5542
1 2888
2 2886 2878
3 2865 900 5416
7 879 2843 2836 2764 2307 6022 1136
4 2830 2822 4577 7615
2 2815 2697
3 2806 1244 2257
7 2692 2689 2671 2669 2604 2318 4671
2 2594 2564
3 2298 2450 7688
4 2491 2490 2361 2353
11 2537 1099 9905 1126 36 9750 9745 1091 1153 54 8269
7 9615 9599 1172 9443 1080 9088 8907
3 9404 8818 5987
4 9332 9308 9206 9178
4 1216 1076 6278 6104
4 9126 9115 9099 1322
2 1258 8777
3 8964 143 4931
3 8880 8837 8611
5 8859 8751 8723 8497 2038
4 8714 8677 8633 8124
4 8619 165 1360 1577
6 8455 8409 8276 6487 9932 5331
4 8255 8230 6419 1385
4 1404 1426 1478 1540
4 8066 7980 7828 7756
7 7845 269 1483 7625 7241 4271 1730
4 7639 7589 7526 7450
4 1526 2488 925 2002
4 7431 7426 7358 1542
4 7181 7157 7053 6227
4 7144 7126 7038 7969
3 6992 6976 6768
5 6792 6761 6723 6586 6330
5 6760 389 1659 6355 5884
4 411 6354 1691 6084
5 446 1708 5961 5784 3954
4 6194 504 5788 9522
3 5989 5842 5745
5 5797 5775 1808 5461 7368
3 5676 532 3427
4 5588 5549 5493 9312
3 573 5266 5144
4 2638 1878 5030 2824
5 593 5142 4972 9250 8887
3 4926 1928 4488
4 1927 995 1987 7405
5 1936 4757 4600 7 6632
3 4751 4599 124
4 4680 4672 664 4321
1 4483
4 4402 4215 4178 1131
5 4193 4151 4142 4108 3934
3 4095 2069 4022
2 4005 4978
2 3941 747
3 3899 764 5873
4 3890 3889 2968 8528
6 3864 3733 3716 3456 3350 2868
4 3728 3558 2249 3048
3 3658 3504 888
5 3581 3407 3324 9967 2358
5 3273 2795 3063 954 2563
5 3206 3192 3094 3020 2873
4 960 2987 2902 8569
6 2929 2816 2820 2858 9756 9533
10 4459 2325 9995 1103 9961 9895 9883 2876 9865 2890
9 9978 9966 2226 2334 9791 9786 3000 868 8738
6 2242 9959 9958 9957 1116 9914
5 9946 2237 9726 2785 8013
8 940 9877 2895 2943 1092 1156 9531 3076
4 2872 9663 1174 1089
3 9868 2202 3517
6 9862 2331 2894 2342 9661 9488
4 28 9807 9732 2951
3 9780 875 1140
6 9755 1155 9674 1164 3153 7917
3 45 9699 9693
2 9727 9723
8 2950 9708 9697 9664 3010 9591 9448 8002
7 9683 9616 2347 3059 3081 1083 7288
6 2974 9597 3019 3023 9399 3125
6 53 2980 9653 3001 2204 9489
3 2995 9605 9530
3 3004 2354 9515
7 1183 9501 9431 858 9413 9350 8972
6 9509 75 1205 3132 9211 8905
10 1187 9500 9470 9423 9389 9323 9201 1249 8744 5877
9 77 9455 3074 9437 855 9331 3223 8443 322
8 3091 9415 3109 9365 2197 2371 9119 3412
5 9372 1214 9253 8971 2427
12 2364 850 94 9318 2195 3151 9269 9239 3237 9034 8669 7566
8 3142 3144 9258 3171 1238 3214 3244 9049
14 3152 2367 2789 2189 9218 9212 9204 9193 3198 9032 2389 8927 2772 8558
8 3178 9181 9174 110 3246 3431 7708 5010
10 2186 9173 9162 9148 9086 9059 8966 3301 8900 7264
8 3195 2378 3234 9076 8946 8885 8753 3545
8 9170 3242 1262 8997 1274 132 2158 3413
12 964 9161 3217 9122 9066 9041 3283 8920 3318 8863 8778 8280
10 9091 9017 8975 1268 1291 3336 3337 160 8199 2909
9 1253 8977 2317 1270 3312 8839 3440 195 8169
8 8931 2396 1296 3344 3359 8623 8532 207
7 1289 3330 139 3383 2155 3484 3713
9 8881 8875 8846 8829 8810 3376 3387 3523 6371
7 8828 2405 8734 149 8704 3525 5438
9 8822 8754 3385 968 8676 8634 3455 1333 3526
9 3379 8757 8729 3448 8567 8526 3497 1347 3613
7 3389 3419 3452 1329 8561 3503 8365
11 8732 3399 2763 8709 8680 8592 8522 8461 8392 8349 8304
8 8689 1321 8570 185 8405 8336 1375 3711
9 8565 171 3485 8473 8442 8417 8340 8299 3630
10 8525 3481 2149 184 3551 192 2752 2750 1056 748
1 3491
7 8495 8478 8322 784 3662 3884 7723
4 3508 180 6690 5111
6 3519 3563 8305 781 8221 8215
6 806 1351 8436 8422 8201 7851
6 8427 2433 2127 8202 220 7371
1 2430
9 3567 3568 8387 8358 8354 8286 3642 3684 226
5 8381 205 1400 973 7590
4 201 8347 3598 8330
8 1373 8317 787 3670 8197 8162 2255 270
6 3628 8281 8165 8084 3730 2617
8 8270 8234 3660 8141 8076 8048 7979 361
5 213 8242 1397 8061 7997
11 3674 1401 8172 8153 3700 8015 3769 7978 7976 1446 7192
1 2445
7 8107 8060 974 8041 8006 2454 3820
8 8068 8050 7995 7974 7973 3804 3809 750
8 8010 3764 3777 7970 1440 262 7753 3927
8 3763 3768 7961 3801 2097 3844 7844 5575
8 7966 7945 7944 7932 7892 7839 1462 7771
6 7939 3806 7930 752 7832 7767
2 2099 2308
9 3832 3834 1049 2091 3920 7725 3956 731 4116
6 264 743 7752 7720 7670 7667
6 7886 7800 738 2728 7623 336
5 745 7853 2088 7835 7773
10 7852 3878 3926 7721 3943 291 4000 2487 2494 4501
12 2087 2733 7786 7765 7736 2469 3998 7591 2475 2493 4122 4732
5 7798 7797 7780 276 7760
10 735 7734 1486 7596 2719 4015 7402 4118 7304 4425
7 3935 7706 7584 7517 4067 2499 1740
6 288 7695 3960 7583 2486 2650
9 3962 1485 7671 7652 727 7514 7408 7302 706
10 7653 7646 3980 7480 7400 4097 7295 7238 4192 7201
9 3979 3982 7607 7571 7545 7388 7332 7242 1622
9 2721 2071 7582 4032 7345 7244 4165 7175 7168
5 7521 7520 7385 4188 4191
4 7497 2481 7189 1950
9 7454 7449 7447 4081 7419 333 1035 7160 8638
6 4082 2050 4210 1574 4239 6623
8 7377 7336 4216 4218 7089 2030 2029 6918
6 7354 7328 7313 331 1036 923
9 7340 1548 7258 7240 4176 7233 4240 4252 6995
11 4144 7292 7291 4182 1572 2701 7032 7029 2267 4341 6869
5 7280 4222 7121 6935 632
9 7265 7247 344 4237 4333 6878 6847 1615 6226
8 1566 7124 7095 7050 4265 4316 1623 6766
13 7195 1567 4201 7155 340 347 7023 2027 4361 6827 983 393 6675
8 7106 2699 7031 6990 2010 6687 1982 6400
7 7099 7071 7063 4254 7022 6988 2269
11 7076 2514 7056 1611 4427 4448 6667 6490 4631 4678 5110
10 4262 7027 681 6948 2022 6691 6661 6637 6626 6314
7 2517 2522 6837 6759 6624 6612 914
2 7012 6960
8 6860 6841 1616 4460 6568 6500 653 4650
8 6854 6852 6846 1618 6773 4442 6611 4492
4 6823 1621 2545 6600
9 4382 6791 6666 6651 6577 6555 6545 6289 5707
7 6790 6787 4468 4517 6499 418 4614
5 6754 4419 4578 6388 1976
6 6697 4438 1654 2294 6351 1704
6 1026 6588 6553 651 1974 4640
7 4454 2001 2811 4513 1990 6509 2579
6 4464 6628 1025 2685 4500 1682
8 6564 1648 6464 4626 6315 6295 6124 5561
7 6543 6528 2553 416 441 6230 1713
5 6530 6525 414 4548 4557
10 6486 654 985 420 4567 1661 1696 6229 5916 5175
8 4572 4579 4620 6310 451 6233 4755 1829
5 4573 1703 6079 1732 5190
6 1673 4598 6318 1706 6010 5524
7 4612 2569 6249 6176 4771 2666 4817
12 4632 6303 4647 450 4674 6224 4684 6214 6154 4923 5456 5149
5 6256 6175 471 5950 1277
7 4681 1964 6204 6145 4737 6086 1744
5 1712 1953 5936 5918 5597
4 6144 6050 631 5850
6 4715 6130 470 5930 1760 5840
2 6126 641
3 6117 1957 6090
6 1719 4738 4745 1764 5633 5035
7 2582 4754 6037 6014 5832 4900 1858
4 478 5986 5980 5979
5 6055 6027 5956 1933 4818
7 1743 5966 1749 5946 625 4898 5618
10 4810 628 5938 4837 5893 5778 5774 4925 5607 3277
8 5905 5826 5820 1925 5741 4936 8345 611
7 5805 5796 619 5728 5696 603 2409
6 1782 1926 5789 1786 5687 4961
8 5763 4912 5759 4917 5754 5705 5274 3115
4 4919 2283 5742 2615
11 5739 5736 4945 4952 5677 1919 525 5002 5068 26 7024
4 5722 4946 5703 4949
7 4950 4963 2616 609 4982 1011 548
4 5645 5625 5084 9716
5 5643 4991 5505 556 2175
10 4993 534 5612 5595 5022 1901 5414 1851 5363 5286
2 1811 5573
5 539 5589 2655 5570 5067
7 5577 5568 605 1906 5412 5157 8775
4 5019 2282 1824 5059
10 999 547 604 5492 5490 5119 5270 9955 936 6444
5 5506 5463 1822 3902 4378
2 5482 5478
5 5468 5098 5118 5364 9849
6 1836 1007 5419 1894 571 2851
7 5421 5418 5109 5115 5392 9351 836
9 1850 5397 5396 569 570 1895 1890 5339 8540
9 5128 5378 5355 5320 5257 5233 3039 5470 1905
6 5357 5349 5346 78 5587 2139
8 5326 5319 5247 2631 5122 3595 8166 495
5 5195 1882 9358 5117 242
5 5203 5215 2218 9384 3536
10 5217 9994 5216 9826 958 592 2144 4916 304 953
10 1338 3 889 2808 2844 17 9783 9767 594 7842
11 2837 11 2636 2863 5249 5259 2933 103 3256 3356 4747
8 9919 2859 1130 9843 9643 9541 5072 4473
9 5191 9798 3070 5389 8986 5073 8755 8126 7918
8 9758 5278 581 2344 3011 9542 3447 5664
6 2931 2633 2340 2945 5284 3341
9 2341 2978 2994 866 9428 3235 1383 1395 7904
9 5314 9593 9534 5353 5385 129 4251 1624 3026
7 5171 9302 3150 8460 1435 274 5176
10 9583 9571 9480 5139 5379 3186 8974 3449 257 7100
10 5154 9479 9337 9231 1337 2437 7781 4075 2595 7898
9 9444 9403 3137 1236 3201 9155 5104 8935 8253
8 9378 5133 5384 9142 3241 1073 255 7909
8 3145 5420 8911 134 736 7718 395 6775
10 3163 9163 5102 9006 2400 2443 3959 366 6522 6999
10 3182 5097 9113 9029 8741 4997 3977 1772 5302 7809
11 3213 9110 9085 1832 2621 3661 238 4212 1720 9056 3099
12 1255 3282 8961 3293 1283 5039 8307 8264 613 6769 3098 8523
11 8963 1071 5061 1819 5640 5767 2024 4457 4518 6423 1643
7 3323 8811 8764 5026 776 1736 8895
10 8872 3339 1308 5529 153 1468 7788 9644 5373 7221
9 8749 3392 1317 8344 4009 4768 8218 163 3505
11 8725 5556 8649 8627 8621 1818 7538 4272 4701 7624 7315
11 8692 2154 1814 3610 2137 912 4357 6779 6187 3609 8554
2 3428 8553
9 8661 5004 8400 3635 7755 7132 6830 4564 3507
12 8646 8593 1911 8544 3473 8140 8108 517 8064 8031 386 1626
4 8516 8475 243 1956
11 8428 8383 2438 2452 614 4312 6105 4692 3031 3305 7382
6 4964 1411 6617 6542 4660 5630
15 3645 8177 8136 235 1420 8074 8067 8004 7819 7672 6396 21 4019 9438 4971
3 5694 1416 7972
2 3689 3824
9 7935 515 7796 5785 5786 6447 1292 1748 2693
13 754 7865 2309 4893 4890 5801 3948 7560 6436 4669 4688 7305 1259
11 3847 7743 7547 2478 6810 6397 6211 6301 5462 2035 2059
12 5804 1781 5810 7689 3963 7483 4190 4290 6728 6281 538 7604
