2 0 2
7 3 5 9 77 94 151 165
6 10 12 30 293 52 130
7 15 16 43 69 84 149 173
12 21 25 35 51 55 59 97 135 143 1 153 183
8 27 48 67 71 288 126 154 169
9 296 295 45 78 104 120 123 278 208
15 294 38 39 40 50 83 98 106 112 145 155 279 206 211 274
6 61 70 287 119 124 132
8 290 73 76 81 138 141 189 247
13 75 79 89 90 101 181 196 205 215 228 229 233 257
6 82 111 283 176 231 240
8 85 96 121 131 142 256 262 272
6 95 285 117 140 280 178
11 127 137 144 156 157 160 190 201 223 242 252
4 136 139 152 186
4 146 147 182 251
5 148 163 219 250 265
7 281 174 191 197 235 248 266
2 177 237
2 209 255
4 214 236 253 269
4 224 239 243 270
3 273 241 258
4 249 259 260 271
3 180 41 88
2 116 72
2 216 54
2 65 168
1 167
0
0
0
0
0
0
0
0
0
0
0
0
0
0
0
0
0
0
0
0
0
0
0
0
0
0
0
0
0
0
0
0
0
0
0
0
0
0
0
0
0
0
0
0
0
0
0
0
0
0
0
0
0
0
0
0
0
0
0
0
0
0
0
0
0
0
0
0
0
0
